end_device_ids.device_id,end_device_ids.application_ids.application_id,end_device_ids.dev_eui,end_device_ids.join_eui,end_device_ids.dev_addr,correlation_ids.0,received_at,uplink_message.session_key_id,uplink_message.f_port,uplink_message.f_cnt,uplink_message.frm_payload,uplink_message.decoded_payload.bytes.0,uplink_message.decoded_payload.bytes.1,uplink_message.decoded_payload.bytes.2,uplink_message.decoded_payload.bytes.3,uplink_message.decoded_payload.bytes.4,uplink_message.decoded_payload.bytes.5,uplink_message.decoded_payload.bytes.6,uplink_message.decoded_payload.bytes.7,uplink_message.decoded_payload.bytes.8,uplink_message.decoded_payload.bytes.9,uplink_message.decoded_payload.bytes.10,uplink_message.rx_metadata.0.gateway_ids.gateway_id,uplink_message.rx_metadata.0.gateway_ids.eui,uplink_message.rx_metadata.0.time,uplink_message.rx_metadata.0.timestamp,uplink_message.rx_metadata.0.rssi,uplink_message.rx_metadata.0.channel_rssi,uplink_message.rx_metadata.0.snr,uplink_message.rx_metadata.0.location.latitude,uplink_message.rx_metadata.0.location.longitude,uplink_message.rx_metadata.0.location.altitude,uplink_message.rx_metadata.0.location.source,uplink_message.rx_metadata.0.uplink_token,uplink_message.rx_metadata.0.channel_index,uplink_message.rx_metadata.0.received_at,uplink_message.rx_metadata.1.gateway_ids.gateway_id,uplink_message.rx_metadata.1.gateway_ids.eui,uplink_message.rx_metadata.1.time,uplink_message.rx_metadata.1.timestamp,uplink_message.rx_metadata.1.rssi,uplink_message.rx_metadata.1.channel_rssi,uplink_message.rx_metadata.1.snr,uplink_message.rx_metadata.1.location.latitude,uplink_message.rx_metadata.1.location.longitude,uplink_message.rx_metadata.1.location.altitude,uplink_message.rx_metadata.1.location.source,uplink_message.rx_metadata.1.uplink_token,uplink_message.rx_metadata.1.channel_index,uplink_message.rx_metadata.1.received_at,uplink_message.rx_metadata.2.gateway_ids.gateway_id,uplink_message.rx_metadata.2.gateway_ids.eui,uplink_message.rx_metadata.2.time,uplink_message.rx_metadata.2.timestamp,uplink_message.rx_metadata.2.rssi,uplink_message.rx_metadata.2.channel_rssi,uplink_message.rx_metadata.2.snr,uplink_message.rx_metadata.2.location.latitude,uplink_message.rx_metadata.2.location.longitude,uplink_message.rx_metadata.2.location.altitude,uplink_message.rx_metadata.2.location.source,uplink_message.rx_metadata.2.uplink_token,uplink_message.rx_metadata.2.channel_index,uplink_message.rx_metadata.2.received_at,uplink_message.settings.data_rate.lora.bandwidth,uplink_message.settings.data_rate.lora.spreading_factor,uplink_message.settings.data_rate.lora.coding_rate,uplink_message.settings.frequency,uplink_message.settings.timestamp,uplink_message.settings.time,uplink_message.received_at,uplink_message.consumed_airtime,uplink_message.version_ids.brand_id,uplink_message.version_ids.model_id,uplink_message.version_ids.hardware_version,uplink_message.version_ids.firmware_version,uplink_message.version_ids.band_id,uplink_message.network_ids.net_id,uplink_message.network_ids.ns_id,uplink_message.network_ids.tenant_id,uplink_message.network_ids.cluster_id,uplink_message.network_ids.cluster_address,uplink_message.packet_error_rate,uplink_message.rx_metadata.3.gateway_ids.gateway_id,uplink_message.rx_metadata.3.gateway_ids.eui,uplink_message.rx_metadata.3.time,uplink_message.rx_metadata.3.timestamp,uplink_message.rx_metadata.3.rssi,uplink_message.rx_metadata.3.channel_rssi,uplink_message.rx_metadata.3.snr,uplink_message.rx_metadata.3.location.latitude,uplink_message.rx_metadata.3.location.longitude,uplink_message.rx_metadata.3.location.altitude,uplink_message.rx_metadata.3.location.source,uplink_message.rx_metadata.3.uplink_token,uplink_message.rx_metadata.3.channel_index,uplink_message.rx_metadata.3.received_at,uplink_message.rx_metadata.4.gateway_ids.gateway_id,uplink_message.rx_metadata.4.gateway_ids.eui,uplink_message.rx_metadata.4.time,uplink_message.rx_metadata.4.timestamp,uplink_message.rx_metadata.4.rssi,uplink_message.rx_metadata.4.channel_rssi,uplink_message.rx_metadata.4.snr,uplink_message.rx_metadata.4.location.latitude,uplink_message.rx_metadata.4.location.longitude,uplink_message.rx_metadata.4.location.altitude,uplink_message.rx_metadata.4.location.source,uplink_message.rx_metadata.4.uplink_token,uplink_message.rx_metadata.4.channel_index,uplink_message.rx_metadata.4.received_at,uplink_message.decoded_payload.bytes.11,uplink_message.decoded_payload.bytes.12,uplink_message.decoded_payload.bytes.13,uplink_message.decoded_payload.bytes.14,uplink_message.decoded_payload.bytes.15,uplink_message.decoded_payload.bytes.16,uplink_message.decoded_payload.bytes.17,uplink_message.decoded_payload.bytes.18,uplink_message.decoded_payload.bytes.19,uplink_message.decoded_payload.bytes.20,uplink_message.decoded_payload.bytes.21,uplink_message.decoded_payload.bytes.22,uplink_message.decoded_payload.bytes.23,uplink_message.decoded_payload.bytes.24,uplink_message.decoded_payload.bytes.25,uplink_message.decoded_payload.bytes.26,uplink_message.decoded_payload.bytes.27,uplink_message.decoded_payload.bytes.28,uplink_message.decoded_payload.bytes.29,uplink_message.decoded_payload.bytes.30,uplink_message.decoded_payload.bytes.31,uplink_message.decoded_payload.bytes.32,uplink_message.decoded_payload.bytes.33,uplink_message.decoded_payload.bytes.34,uplink_message.decoded_payload.bytes.35,uplink_message.decoded_payload.bytes.36,uplink_message.confirmed,uplink_message.decoded_payload.bytes.37,uplink_message.decoded_payload.bytes.38,uplink_message.decoded_payload.bytes.39,uplink_message.decoded_payload.bytes.40,uplink_message.decoded_payload.bytes.41,uplink_message.decoded_payload.bytes.42,uplink_message.decoded_payload.bytes.43,uplink_message.decoded_payload.bytes.44,uplink_message.decoded_payload.bytes.45,uplink_message.decoded_payload.bytes.46,uplink_message.decoded_payload.bytes.47,uplink_message.decoded_payload.bytes.48
0.4,0,0.4,0,0.4,0.7169769747714002,0.7169769747714002,0.4,0.011904761904761904,0.9827908425478897,0.7246053853296193,0.05063291139240506,0.09803921568627451,0,0,0.07317073170731707,0.9529411764705882,0.14035087719298245,0.7254901960784313,0.012244897959183673,0.6509803921568628,0.3076923076923077,0,0,0.7169769747714002,0.02114925404167893,0.6538461538461539,0.6538461538461539,0.9036144578313253,0.5242252929192458,0.5578291133000177,1,0,0.7169769747714002,0.14285714285714285,0.7169769747714002,0,0,0.7172733438842415,0.5527845440035658,0.20168067226890757,0.20168067226890757,0.9175257731958762,1,0,1,0,0.7172733438842415,0.14285714285714285,0.7172733438842415,0,0,0.7181795757276763,0.017643282186014648,0.23076923076923078,0.23076923076923078,0.9310344827586207,0.9999325920100464,0.0089573838176674,0.4,0,0.7181795757276763,0.14285714285714285,0.7181795757276763,0,0,0,1,0.02114925404167893,0.7169769747714002,0.7169769747714002,0,0,0,0,0,0,0,0,0,0,0,0,0,0,0,0,1,1,0.4880952380952381,0,1,0,0,0,0,0,0,0,0,0,1,1,0.4625,0,1,0,0,0,0,0,0,0,0,0,0,0,0,0,0,0,0,0,0,0,0,0,0,0,0,0,0,0,0,0,0,0,0,0,0,0,0,0,0,0,0,0,0,0,0
0,0,0,0,0,0.7184091660240167,0.7184091660240167,0,0.011904761904761904,0.9831801900015574,0.7259052924791086,0.05063291139240506,0.0196078431372549,0,0,0.08130081300813008,0.42745098039215684,0.14035087719298245,0.0196078431372549,0.012244897959183673,0.0392156862745098,0.3076923076923077,0,0,0.7184091660240167,0.237576628683933,0.7692307692307693,0.7692307692307693,0.7951807228915663,0.5242252929192458,0.5578291133000177,1,0,0.7184091660240167,0.2857142857142857,0.7184091660240167,0,0,0.7186298892154647,0.7691805949368329,0.2184873949579832,0.2184873949579832,0.8350515463917526,1,0,1,0,0.7186298892154647,0.2857142857142857,0.7186298892154647,0,0,0.7195362604834731,0.23404000550980475,0.3162393162393162,0.3162393162393162,0.8160919540229885,0.9999325920100464,0.0089573838176674,0.4,0,0.7195362604834731,0.2857142857142857,0.7195362604834731,0,0,0,0.14285714285714285,0.237576628683933,0.7184091660240167,0.7184091660240167,0,0,0,0,0,0,0,0,0,0,0,0,0,0,0,0,1,1,0.4880952380952381,0,1,0,0,0,0,0,0,0,0,0,1,1,0.4625,0,1,0,0,0,0,0,0,0,0,0,0,0,0,0,0,0,0,0,0,0,0,0,0,0,0,0,0,0,0,0,0,0,0,0,0,0,0,0,0,0,0,0,0,0,0
0.06666666666666667,0,0.06666666666666667,0,0.06666666666666667,0.7186295031398039,0.7186295031398039,0.06666666666666667,0.011904761904761904,0.9887089238436381,0.7260909935004642,0.05063291139240506,0.050980392156862744,0,0,0.016260162601626018,0.9411764705882353,0.12280701754385964,0.9882352941176471,0,0.03137254901960784,0.3076923076923077,0,0,0.7186295031398039,0.2558706016873284,0.7307692307692307,0.7307692307692307,0.9518072289156626,0.5242252929192458,0.5578291133000177,1,0,0.7186295031398039,0.8571428571428571,0.7186295031398039,0,0,0.7188559801040018,0.7874719177015806,0.20168067226890757,0.20168067226890757,0.8762886597938144,1,0,1,0,0.7188559801040018,0.8571428571428571,0.7188559801040018,0,0,0.7197829304390725,0.2523313884482089,0.15384615384615385,0.15384615384615385,0.896551724137931,0.9999325920100464,0.0089573838176674,0.4,0,0.7197829304390725,0.8571428571428571,0.7197829304390725,0,0,0,0.7142857142857143,0.2558706016873284,0.7186295031398039,0.7186295031398039,0,0,0,0,0,0,0,0,0,0,0,0.28571429428571415,0,0,0,0,1,1,0.4880952380952381,0,1,0,0,0,0,0,0,0,0,0,1,1,0.4625,0,1,0,0,0,0,0,0,0,0,0,0,0,0,0,0,0,0,0,0,0,0,0,0,0,0,0,0,0,0,0,0,0,0,0,0,0,0,0,0,0,0,0,0,0,0
0.5333333333333333,0,0.5333333333333333,0,0.5333333333333333,0.7190701773713782,0.7190701773713782,0.5333333333333333,0.011904761904761904,0.9888646628251051,0.538347260909935,0.046413502109704644,0.9921568627450981,0,0,0,0,0.14035087719298245,0.5725490196078431,0,0,0.3076923076923077,0.25,0.25,0.7190701773713782,0.8553354741858753,0.23076923076923078,0.23076923076923078,0.37349397590361444,1,0,1,0,0.7190701773713782,0,0.7190701773713782,0.2,0.2,0.7193081618810762,0.3235969091146505,0.09243697478991597,0.09243697478991597,0.38144329896907214,0.9999679289833249,0.007373631495418912,1,0,0.7193081618810762,0,0.7193081618810762,0,0,0.7202762703502713,0.32008281939799405,0.13675213675213677,0.13675213675213677,0.5747126436781609,0.9999325920100464,0.0089573838176674,0.4,0,0.7202762703502713,0,0.7202762703502713,0,0,0,0.2857142857142857,0.8553354741858753,0.7190701773713782,0.7190701773713782,0,0,0,0,0,0,0,0,0,0,0,0.28571429428571415,0,0,0,0,1,1,0.4880952380952381,0,1,0,0,0,0,0,0,0,0,0,1,1,0.4625,0,1,0,0,0,0,0,0,0,0,0,0,0,0,0,0,0,0,0,0,0,0,0,0,0,0,0,0,0,0,0,0,0,0,0,0,0,0,0,0,0,0,0,0,0,0
0,0,0,0,0,0.7203922000661012,0.7203922000661012,0,0.011904761904761904,0.983258059492291,0.7277623026926648,0.05063291139240506,0.12549019607843137,0,0,0.08130081300813008,0.42745098039215684,0.14035087719298245,0.011764705882352941,0.012244897959183673,0.0392156862745098,0.3076923076923077,0,0,0.7203922000661012,0.5170626368092074,0.8269230769230769,0.8269230769230769,0.9156626506024096,0.5242252929192458,0.5578291133000177,1,0,0.7203922000661012,0.8571428571428571,0.7203922000661012,0,0,0.7205516617680308,0.048603519803463245,0.2184873949579832,0.2184873949579832,0.9072164948453608,1,0,1,0,0.7205516617680308,0.8571428571428571,0.7205516617680308,0,0,0.721262950172669,0.5134864544935235,0.2905982905982906,0.2905982905982906,0.9195402298850575,0.9999325920100464,0.0089573838176674,0.4,0,0.721262950172669,0.8571428571428571,0.721262950172669,0,0,0,0.7142857142857143,0.5170626368092074,0.7203922000661012,0.7203922000661012,0,0,0,0,0,0,0,0,0,0,0,0,0,0,0,0,1,1,0.4880952380952381,0,1,0,0,0,0,0,0,0,0,0,1,1,0.4625,0,1,0,0,0,0,0,0,0,0,0,0,0,0,0,0,0,0,0,0,0,0,0,0,0,0,0,0,0,0,0,0,0,0,0,0,0,0,0,0,0,0,0,0,0,0
0,0,0,0,0,0.7223752341081855,0.7223752341081855,0,0.011904761904761904,0.9833359289830245,0.7298050139275766,0.05063291139240506,0.10588235294117647,0,0,0.08130081300813008,0.42745098039215684,0.14035087719298245,0,0.012244897959183673,0.0392156862745098,0.3076923076923077,0,0,0.7223752341081855,0.7964968020385513,0.75,0.75,0.9156626506024096,0.5242252929192458,0.5578291133000177,1,0,0.7223752341081855,0,0.7223752341081855,0,0,0.7224734343205969,0.327997225393177,0.226890756302521,0.226890756302521,0.9175257731958762,1,0,1,0,0.7224734343205969,0,0.7224734343205969,0,0,0.7231129748396645,0.7928810847916988,0.28205128205128205,0.28205128205128205,0.896551724137931,0.9999325920100464,0.0089573838176674,0.4,0,0.7231129748396645,0,0.7231129748396645,0,0,0,0.2857142857142857,0.7964968020385513,0.7223752341081855,0.7223752341081855,0,0,0,0,0,0,0,0,0,0,0,0,0,0,0,0,1,1,0.4880952380952381,0,1,0,0,0,0,0,0,0,0,0,1,1,0.4625,0,1,0,0,0,0,0,0,0,0,0,0,0,0,0,0,0,0,0,0,0,0,0,0,0,0,0,0,0,0,0,0,0,0,0,0,0,0,0,0,0,0,0,0,0,0
0.06666666666666667,0,0.06666666666666667,0,0.06666666666666667,0.7225955712239727,0.7225955712239727,0.06666666666666667,0.011904761904761904,0.9888646628251051,0.7299907149489322,0.05063291139240506,0.07058823529411765,0,0,0.016260162601626018,0.9333333333333333,0.12280701754385964,0.9686274509803922,0,0.027450980392156862,0.3076923076923077,0,0,0.7225955712239727,0.8147315641421566,0.8076923076923077,0.8076923076923077,0.8313253012048193,0.5242252929192458,0.5578291133000177,1,0,0.7225955712239727,0.7142857142857143,0.7225955712239727,0,0,0.722699525209134,0.3462293466008128,0.2184873949579832,0.2184873949579832,0.8041237113402062,1,0,1,0,0.722699525209134,0.7142857142857143,0.722699525209134,0,0,0.7233596447952639,0.8111132676631012,0.18803418803418803,0.18803418803418803,0.3218390804597701,0.9999325920100464,0.0089573838176674,0.4,0,0.7233596447952639,0.7142857142857143,0.7233596447952639,0,0,0,0,0.8147315641421566,0.7225955712239727,0.7225955712239727,0,0,0,0,0,0,0,0,0,0,0,0,0,0,0,0,1,1,0.4880952380952381,0,1,0,0,0,0,0,0,0,0,0,1,1,0.4625,0,1,0,0,0,0,0,0,0,0,0,0,0,0,0,0,0,0,0,0,0,0,0,0,0,0,0,0,0,0,0,0,0,0,0,0,0,0,0,0,0,0,0,0,0,0
0.5333333333333333,0,0.5333333333333333,0,0.5333333333333333,0.723036245455547,0.723036245455547,0.5333333333333333,0.011904761904761904,0.9890204018065721,0.7307335190343547,0.05063291139240506,0.023529411764705882,0,0,0,0,0.14035087719298245,0.6352941176470588,0,0,0.3076923076923077,0,0,0.723036245455547,0.8824773223087479,0.07692307692307693,0.07692307692307693,0.20481927710843373,0.5242252929192458,0.5578291133000177,1,0,0.723036245455547,1,0.723036245455547,0,0,0.7231517069862085,0.41396529539122906,0.11764705882352941,0.11764705882352941,0.7835051546391752,1,0,1,0,0.7231517069862085,1,0.7231517069862085,0,0,0.7238529847064628,0.8788494415381648,0.1111111111111111,0.1111111111111111,0.8390804597701149,0.9999325920100464,0.0089573838176674,0.4,0,0.7238529847064628,1,0.7238529847064628,0,0,0,0.8571428571428571,0.8824773223087479,0.723036245455547,0.723036245455547,0,0,0,0,0,0,0,0,0,0,0,0.28571429428571415,0,0,0,0,1,1,0.4880952380952381,0,1,0,0,0,0,0,0,0,0,0,1,1,0.4625,0,1,0,0,0,0,0,0,0,0,0,0,0,0,0,0,0,0,0,0,0,0,0,0,0,0,0,0,0,0,0,0,0,0,0,0,0,0,0,0,0,0,0,0,0,0
0.6,0,0.6,0,0.6,0.7231464140134406,0.7231464140134406,0.6,0.011904761904761904,0.9831801900015574,0.7309192200557103,0.046413502109704644,0.9764705882352941,0,0,0.032520325203252036,0.34509803921568627,0.14035087719298245,0.3411764705882353,0,0.13725490196078433,0.3076923076923077,0.25,0.25,0.7231464140134406,0.4161225511475091,0.15384615384615385,0.15384615384615385,0.6626506024096386,1,0,1,0,0.7231464140134406,0,0.7231464140134406,0.2,0.2,0.723264752430477,0.8844700534370662,0.11764705882352941,0.11764705882352941,0.7938144329896907,0.9999679289833249,0.007373631495418912,1,0,0.723264752430477,0,0.723264752430477,0,0,0.7239763196842625,0.880958485137156,0.3076923076923077,0.3076923076923077,0.896551724137931,0.9999325920100464,0.0089573838176674,0.4,0,0.7239763196842625,0,0.7239763196842625,0,0,0,0.2857142857142857,0.4161225511475091,0.7231464140134406,0.7231464140134406,0,0,0,0,0,0,0,0,0,0,0,0,0,0,0,0,1,1,0.4880952380952381,0,1,0,0,0,0,0,0,0,0,0,1,1,0.4625,0,1,0,0,0,0,0,0,0,0,0,0,0,0,0,0,0,0,0,0,0,0,0,0,0,0,0,0,0,0,0,0,0,0,0,0,0,0,0,0,0,0,0,0,0,0
0.5333333333333333,0,0.5333333333333333,0,0.5333333333333333,0.7250192794976313,0.7250192794976313,0.5333333333333333,0.011904761904761904,0.9890982712973058,0.6692664809656453,0.05063291139240506,0.047058823529411764,0,0,0,0,0.14035087719298245,0.6745098039215687,0,0,0.3076923076923077,0,0,0.7250192794976313,0.161731523112342,0.038461538461538464,0.038461538461538464,0.3373493975903614,0.5242252929192458,0.5578291133000177,1,0,0.7250192794976313,1,0.7250192794976313,0,0,0.724960434094506,0.6933476744452406,0.12605042016806722,0.12605042016806722,0.8350515463917526,1,0,1,0,0.724960434094506,1,0.724960434094506,0,0,0.7255796743956586,0.1582077654142787,0.11965811965811966,0.11965811965811966,0.7931034482758621,0.9999325920100464,0.0089573838176674,0.4,0,0.7255796743956586,1,0.7255796743956586,0,0,0,0.8571428571428571,0.161731523112342,0.7250192794976313,0.7250192794976313,0,0,0,0,0,0,0,0,0,0,0,0.28571429428571415,0,0,0,0,1,1,0.4880952380952381,0,1,0,0,0,0,0,0,0,0,0,1,1,0.4625,0,1,0,0,0,0,0,0,0,0,0,0,0,0,0,0,0,0,0,0,0,0,0,0,0,0,0,0,0,0,0,0,0,0,0,0,0,0,0,0,0,0,0,0,0,0
0.06666666666666667,0,0.06666666666666667,0,0.06666666666666667,0.7265616393081414,0.7265616393081414,0.06666666666666667,0.011904761904761904,0.9890204018065721,0.7338904363974001,0.05063291139240506,0.08627450980392157,0,0,0.016260162601626018,0.9254901960784314,0.12280701754385964,0.9647058823529412,0,0.027450980392156862,0.3076923076923077,0.25,0.25,0.7265616393081414,0.9051243706755965,0.36538461538461536,0.36538461538461536,0.7831325301204819,1,0,1,0,0.7265616393081414,0.42857142857142855,0.7265616393081414,0.2,0.2,0.7265430703142663,0.3733772731143032,0.33613445378151263,0.33613445378151263,0.9278350515463918,0.9999679289833249,0.007373631495418912,1,0,0.7265430703142663,0.42857142857142855,0.7265430703142663,0,0,0.7270596941292551,0.3698655456803104,0.17094017094017094,0.17094017094017094,0.8505747126436781,0.9999325920100464,0.0089573838176674,0.4,0,0.7270596941292551,0.42857142857142855,0.7270596941292551,0,0,0,0.42857142857142855,0.9051243706755965,0.7265616393081414,0.7265616393081414,0,0,0,0,0,0,0,0,0,0,0,0,0,0,0,0,1,1,0.4880952380952381,0,1,0,0,0,0,0,0,0,0,0,1,1,0.4625,0,1,0,0,0,0,0,0,0,0,0,0,0,0,0,0,0,0,0,0,0,0,0,0,0,0,0,0,0,0,0,0,0,0,0,0,0,0,0,0,0,0,0,0,0,0
0,0,0,0,0,0.7283243362344387,0.7283243362344387,0,0.011904761904761904,0.983569537455225,0.7355617455896007,0.05063291139240506,0.11764705882352941,0,0,0.08130081300813008,0.42745098039215684,0.12280701754385964,0.996078431372549,0.012244897959183673,0.03137254901960784,0.3076923076923077,0,0,0.7283243362344387,0.63461297711672,0.7115384615384616,0.7115384615384616,0.8192771084337349,0.5242252929192458,0.5578291133000177,1,0,0.7283243362344387,0.2857142857142857,0.7283243362344387,0,0,0.7283517974225638,0.16613806015278587,0.24369747899159663,0.24369747899159663,0.8144329896907216,1,0,1,0,0.7283517974225638,0.2857142857142857,0.7283517974225638,0,0,0.728786383818451,0.6310222974615961,0.2905982905982906,0.2905982905982906,0.8390804597701149,0.9999325920100464,0.0089573838176674,0.4,0,0.728786383818451,0.2857142857142857,0.728786383818451,0,0,0,0.14285714285714285,0.63461297711672,0.7283243362344387,0.7283243362344387,0,0,0,0,0,0,0,0,0,0,0,0,0,0,0,0,1,1,0.4880952380952381,0,1,0,0,0,0,0,0,0,0,0,1,1,0.4625,0,1,0,0,0,0,0,0,0,0,0,0,0,0,0,0,0,0,0,0,0,0,0,0,0,0,0,0,0,0,0,0,0,0,0,0,0,0,0,0,0,0,0,0,0,0
0.06666666666666667,0,0.06666666666666667,0,0.06666666666666667,0.7285446733502259,0.7285446733502259,0.06666666666666667,0.011904761904761904,0.9890982712973058,0.7357474466109564,0.046413502109704644,0.9176470588235294,0,0,0.016260162601626018,0.9294117647058824,0.12280701754385964,0.9647058823529412,0,0.027450980392156862,0.3076923076923077,0,0,0.7285446733502259,0.65285632233936,0.75,0.75,0.927710843373494,0.5242252929192458,0.5578291133000177,1,0,0.7285446733502259,0.42857142857142855,0.7285446733502259,0,0,0.728577888311101,0.1843787662532778,0.20168067226890757,0.20168067226890757,0.865979381443299,1,0,1,0,0.728577888311101,0.42857142857142855,0.728577888311101,0,0,0.7290330537740504,0.6492630615207359,0.1623931623931624,0.1623931623931624,0.896551724137931,0.9999325920100464,0.0089573838176674,0.4,0,0.7290330537740504,0.42857142857142855,0.7290330537740504,0,0,0,0.42857142857142855,0.65285632233936,0.7285446733502259,0.7285446733502259,0,0,0,0,0,0,0,0,0,0,0,0,0,0,0,0,1,1,0.4880952380952381,0,1,0,0,0,0,0,0,0,0,0,1,1,0.4625,0,1,0,0,0,0,0,0,0,0,0,0,0,0,0,0,0,0,0,0,0,0,0,0,0,0,0,0,0,0,0,0,0,0,0,0,0,0,0,0,0,0,0,0,0,0
0.06666666666666667,0,0.06666666666666667,0,0.06666666666666667,0.7305277073923102,0.7305277073923102,0.06666666666666667,0.011904761904761904,0.9891761407880393,0.7377901578458681,0.05063291139240506,0.08627450980392157,0,0,0.016260162601626018,0.9254901960784314,0.12280701754385964,0.9686274509803922,0,0.027450980392156862,0.3076923076923077,0,0,0.7305277073923102,0.9322871316804732,0.6923076923076923,0.6923076923076923,0.9518072289156626,0.5242252929192458,0.5578291133000177,1,0,0.7305277073923102,0,0.7305277073923102,0,0,0.7304996608636672,0.46376913693424543,0.20168067226890757,0.20168067226890757,0.9175257731958762,1,0,1,0,0.7304996608636672,0,0.7304996608636672,0,0,0.7308830784410458,0.928654316854422,0.1282051282051282,0.1282051282051282,0.7816091954022989,0.9999325920100464,0.0089573838176674,0.4,0,0.7308830784410458,0,0.7308830784410458,0,0,0,0.2857142857142857,0.9322871316804732,0.7305277073923102,0.7305277073923102,0,0,0,0,0,0,0,0,0,0,0,0,0,0,0,0,1,1,0.4880952380952381,0,1,0,0,0,0,0,0,0,0,0,1,1,0.4625,0,1,0,0,0,0,0,0,0,0,0,0,0,0,0,0,0,0,0,0,0,0,0,0,0,0,0,0,0,0,0,0,0,0,0,0,0,0,0,0,0,0,0,0,0,0
0.3333333333333333,0,0.3333333333333333,0,0.3333333333333333,0.7307480445080974,0.7307480445080974,0.3333333333333333,0.011904761904761904,0.9892540102787728,0.7381615598885793,0.05063291139240506,0.1607843137254902,0,0,0.04878048780487805,0.6,0.14035087719298245,0.43137254901960786,0,0.5176470588235295,0.3076923076923077,0,0,0.7307480445080974,0.9624819920769386,0.8076923076923077,0.8076923076923077,0.891566265060241,0.5242252929192458,0.5578291133000177,1,0,0.7307480445080974,1,0.7307480445080974,0,0,0.7307257517522043,0.49395962854701836,0.23529411764705882,0.23529411764705882,0.9175257731958762,1,0,1,0,0.7307257517522043,1,0.7307257517522043,0,0,0.7311297483966452,0.9588449020840307,0.11965811965811966,0.11965811965811966,0.8505747126436781,0.9999325920100464,0.0089573838176674,0.4,0,0.7311297483966452,1,0.7311297483966452,0,0,0,0.8571428571428571,0.9624819920769386,0.7307480445080974,0.7307480445080974,0,0,0,0,0,0,0,0,0,0,0,0,0,0,0,0,1,1,0.4880952380952381,0,1,0,0,0,0,0,0,0,0,0,1,1,0.4625,0,1,0,0,0,0,0,0,0,0,0,0,0,0,0,0,0,0,0,0,0,0,0,0,0,0,0,0,0,0,0,0,0,0,0,0,0,0,0,0,0,0,0,0,0,0
0.7333333333333333,0,0.7333333333333333,0,0.7333333333333333,0.7315192244133524,0.7315192244133524,0.7333333333333333,0.011904761904761904,0.9894097492602398,0.6070566388115135,0.05063291139240506,0.10980392156862745,0,0,0,0,0.14035087719298245,0.7372549019607844,0,0,0.3076923076923077,0.25,0.25,0.7315192244133524,0.5780695902357029,0.17307692307692307,0.17307692307692307,0.30120481927710846,1,0,1,0,0.7315192244133524,0.14285714285714285,0.7315192244133524,0.2,0.2,0.7315170698620845,0.0463693817078393,0.07563025210084033,0.07563025210084033,0.6185567010309279,0.9999679289833249,0.007373631495418912,1,0,0.7315170698620845,0.14285714285714285,0.7315170698620845,0,0,0.7319930932412432,0.04285828800672591,0.05982905982905983,0.05982905982905983,0.5862068965517241,0.9999325920100464,0.0089573838176674,0.4,0,0.7319930932412432,0.14285714285714285,0.7319930932412432,0,0,0,1,0.5780695902357029,0.7315192244133524,0.7315192244133524,0,0,0,0,0,0,0,0,0,0,0,0.28571429428571415,0,0,0,0,1,1,0.4880952380952381,0,1,0,0,0,0,0,0,0,0,0,1,1,0.4625,0,1,0,0,0,0,0,0,0,0,0,0,0,0,0,0,0,0,0,0,0,0,0,0,0,0,0,0,0,0,0,0,0,0,0,0,0,0,0,0,0,0,0,0,0,0
0.06666666666666667,0,0.06666666666666667,0,0.06666666666666667,0.734493775476479,0.734493775476479,0.06666666666666667,0.011904761904761904,0.9893318797695063,0.7415041782729805,0.05063291139240506,0.08627450980392157,0,0,0.016260162601626018,0.9254901960784314,0.12280701754385964,1,0,0.027450980392156862,0.3076923076923077,0.25,0.25,0.734493775476479,0.022518039835553456,0.5384615384615384,0.5384615384615384,0.891566265060241,1,0,1,0,0.734493775476479,0.8571428571428571,0.734493775476479,0.2,0.2,0.7345692968573366,0.4909209858014841,0.35294117647058826,0.35294117647058826,0.9278350515463918,0.9999679289833249,0.007373631495418912,1,0,0.7345692968573366,0.8571428571428571,0.7345692968573366,0,0,0.7351998026640355,0.4874118797936027,0.17094017094017094,0.17094017094017094,0.8735632183908046,0.9999325920100464,0.0089573838176674,0.4,0,0.7351998026640355,0.8571428571428571,0.7351998026640355,0,0,0,0.7142857142857143,0.022518039835553456,0.734493775476479,0.734493775476479,0,0,0,0,0,0,0,0,0,0,0,0,0,0,0,0,1,1,0.4880952380952381,0,1,0,0,0,0,0,0,0,0,0,1,1,0.4625,0,1,0,0,0,0,0,0,0,0,0,0,0,0,0,0,0,0,0,0,0,0,0,0,0,0,0,0,0,0,0,0,0,0,0,0,0,0,0,0,0,0,0,0,0,0
0,0,0,0,0,0.7362564724027763,0.7362564724027763,0,0.011904761904761904,0.9838810154181592,0.7433611884865367,0.05063291139240506,0.11764705882352941,0,0,0.08130081300813008,0.41568627450980394,0.12280701754385964,0.9686274509803922,0.012244897959183673,0.027450980392156862,0.3076923076923077,0,0,0.7362564724027763,0.7521578016676138,0.7692307692307693,0.7692307692307693,0.9036144578313253,0.5242252929192458,0.5578291133000177,1,0,0.7362564724027763,1,0.7362564724027763,0,0,0.7363780239656342,0.28366715703135686,0.24369747899159663,0.24369747899159663,0.8969072164948454,1,0,1,0,0.7363780239656342,1,0.7363780239656342,0,0,0.7370498273310311,0.7485525900741327,0.27350427350427353,0.27350427350427353,0.896551724137931,0.9999325920100464,0.0089573838176674,0.4,0,0.7370498273310311,1,0.7370498273310311,0,0,0,0.8571428571428571,0.7521578016676138,0.7362564724027763,0.7362564724027763,0,0,0,0,0,0,0,0,0,0,0,0,0,0,0,0,1,1,0.4880952380952381,0,1,0,0,0,0,0,0,0,0,0,1,1,0.4625,0,1,0,0,0,0,0,0,0,0,0,0,0,0,0,0,0,0,0,0,0,0,0,0,0,0,0,0,0,0,0,0,0,0,0,0,0,0,0,0,0,0,0,0,0,0
0.06666666666666667,0,0.06666666666666667,0,0.06666666666666667,0.7364768095185634,0.7364768095185634,0.06666666666666667,0.011904761904761904,0.9894097492602398,0.7435468895078923,0.046413502109704644,0.996078431372549,0,0,0.016260162601626018,0.9215686274509803,0.14035087719298245,0.00392156862745098,0,0.027450980392156862,0.3076923076923077,0.25,0.25,0.7364768095185634,0.3018009537315588,0.4423076923076923,0.4423076923076923,0.8674698795180723,1,0,1,0,0.7364768095185634,0,0.7364768095185634,0.2,0.2,0.7366041148541714,0.770162769452134,0.3277310924369748,0.3277310924369748,0.9381443298969072,0.9999679289833249,0.007373631495418912,1,0,0.7366041148541714,0,0.7366041148541714,0,0,0.7372964972866305,0.7666549167920212,0.1282051282051282,0.1282051282051282,0.8045977011494253,0.9999325920100464,0.0089573838176674,0.4,0,0.7372964972866305,0,0.7372964972866305,0,0,0,0.2857142857142857,0.3018009537315588,0.7364768095185634,0.7364768095185634,0,0,0,0,0,0,0,0,0,0,0,0,0,0,0,0,1,1,0.4880952380952381,0,1,0,0,0,0,0,0,0,0,0,1,1,0.4625,0,1,0,0,0,0,0,0,0,0,0,0,0,0,0,0,0,0,0,0,0,0,0,0,0,0,0,0,0,0,0,0,0,0,0,0,0,0,0,0,0,0,0,0,0,0
0.4,0,0.4,0,0.4,0.7368073151922442,0.7368073151922442,0.4,0.011904761904761904,0.983569537455225,0.7441039925719591,0.05063291139240506,0,0,0,0.07317073170731707,0.9372549019607843,0.14035087719298245,0.6823529411764706,0.012244897959183673,0.6196078431372549,0.3076923076923077,0.25,0.25,0.7368073151922442,0.34679151106175277,0.28846153846153844,0.28846153846153844,0.7951807228915663,1,0,1,0,0.7368073151922442,1,0.7368073151922442,0.2,0.2,0.7369432511869771,0.8151467011223084,0.24369747899159663,0.24369747899159663,0.9175257731958762,0.9999679289833249,0.007373631495418912,1,0,0.7369432511869771,1,0.7369432511869771,0,0,0.7376665022200296,0.8116390515065552,0.21367521367521367,0.21367521367521367,0.8505747126436781,0.9999325920100464,0.0089573838176674,0.4,0,0.7376665022200296,1,0.7376665022200296,0,0,0,0.8571428571428571,0.34679151106175277,0.7368073151922442,0.7368073151922442,0,0,0,0,0,0,0,0,0,0,0,0,0,0,0,0,1,1,0.4880952380952381,0,1,0,0,0,0,0,0,0,0,0,1,1,0.4625,0,1,0,0,0,0,0,0,0,0,0,0,0,0,0,0,0,0,0,0,0,0,0,0,0,0,0,0,0,0,0,0,0,0,0,0,0,0,0,0,0,0,0,0,0,0
0.6,0,0.6,0,0.6,0.7409937203922,0.7409937203922,0.6,0.011904761904761904,0.9838810154181592,0.748560817084494,0.046413502109704644,0.8666666666666667,0,0,0.032520325203252036,0.3215686274509804,0.14035087719298245,0.34509803921568627,0,0.13333333333333333,0.3076923076923077,0.25,0.25,0.7409937203922,0.9306059809464873,0.2692307692307692,0.2692307692307692,0.3253012048192771,1,0,1,0,0.7409937203922,0.7142857142857143,0.7409937203922,0.2,0.2,0.7412389780691838,0.3988525742019978,0.18487394957983194,0.18487394957983194,0.7628865979381443,0.9999679289833249,0.007373631495418912,1,0,0.7412389780691838,0.7142857142857143,0.7412389780691838,0,0,0.741243216576221,0.3953452048305694,0.3076923076923077,0.3076923076923077,0.7586206896551724,0.9999325920100464,0.0089573838176674,0.4,0,0.741243216576221,0.7142857142857143,0.741243216576221,0,0,0,0,0.9306059809464873,0.7409937203922,0.7409937203922,0,0,0,0,0,0,0,0,0,0,0,0,0,0,0,0,1,1,0.4880952380952381,0,1,0,0,0,0,0,0,0,0,0,1,1,0.4625,0,1,0,0,0,0,0,0,0,0,0,0,0,0,0,0,0,0,0,0,0,0,0,0,0,0,0,0,0,0,0,0,0,0,0,0,0,0,0,0,0,0,0,0,0,0
0.6666666666666666,0,0.6666666666666666,0,0.6666666666666666,0.7413242260658808,0.7413242260658808,0.6666666666666666,0.011904761904761904,0.9840367543996262,0.7487465181058496,0.05063291139240506,0.12941176470588237,0,0,0.056910569105691054,0.0784313725490196,0.12280701754385964,0.43529411764705883,0,0.803921568627451,0.3076923076923077,0,0,0.7413242260658808,0.440163842180733,0.4230769230769231,0.4230769230769231,0.927710843373494,0.5242252929192458,0.5578291133000177,1,0,0.7413242260658808,0,0.7413242260658808,0,0,0.7415781144019896,0.9717422450534244,0.14285714285714285,0.14285714285714285,0.8556701030927835,1,0,1,0,0.7415781144019896,0,0.7415781144019896,0,0,0.7416132215096202,0.4366049299054172,0.06837606837606838,0.06837606837606838,0.5057471264367817,0.9999325920100464,0.0089573838176674,0.4,0,0.7416132215096202,0,0.7416132215096202,0,0,0,0.2857142857142857,0.440163842180733,0.7413242260658808,0.7413242260658808,0,0,0,0,0,0,0,0,0,0,0,0,0,0,0,0,1,1,0.4880952380952381,0,1,0,0,0,0,0,0,0,0,0,1,1,0.4625,0,1,0,0,0,0,0,0,0,0,0,0,0,0,0,0,0,0,0,0,0,0,0,0,0,0,0,0,0,0,0,0,0,0,0,0,0,0,0,0,0,0,0,0,0,0
0.7333333333333333,0,0.7333333333333333,0,0.7333333333333333,0.7414343946237744,0.7414343946237744,0.7333333333333333,0.011904761904761904,0.9897990967139075,0.7489322191272052,0.05063291139240506,0.10980392156862745,0,0,0,0,0.14035087719298245,0.8588235294117647,0,0,0.3076923076923077,0,0,0.7414343946237744,0.44334492358841604,0.11538461538461539,0.11538461538461539,0.5180722891566265,0.5242252929192458,0.5578291133000177,1,0,0.7414343946237744,0.42857142857142855,0.7414343946237744,0.6,0.6,0.7416911598462582,0.43978452352471614,0.09243697478991597,0.09243697478991597,0.7422680412371134,0.9999325920100464,0.0089573838176674,0.4,0,0.7416911598462582,0.42857142857142855,0.7416911598462582,0.6,0.6,0.001356684755796744,0,1,1,0.4827586206896552,0,1,0,1,0.001356684755796744,0,0.001356684755796744,0,0,0,0.42857142857142855,0.44334492358841604,0.7414343946237744,0.7414343946237744,0,0,0,0,0,0,0,0,0,0,0,0,0,0,0,0,1,1,0.4880952380952381,0,1,0,0,0,0,0,0,0,0,0,1,1,0.4625,0,1,0,0,0,0,0,0,0,0,0,0,0,0,0,0,0,0,0,0,0,0,0,0,0,0,0,0,0,0,0,0,0,0,0,0,0,0,0,0,0,0,0,0,0,0
0.7333333333333333,0,0.7333333333333333,0,0.7333333333333333,0.7434174286658588,0.7434174286658588,0.7333333333333333,0.011904761904761904,0.989876966204641,0.6492107706592386,0.05063291139240506,0.12156862745098039,0,0,0,0,0.14035087719298245,0.8784313725490196,0,0,0.3076923076923077,0,0,0.7434174286658588,0.7227689813323136,0.17307692307692307,0.17307692307692307,0.6265060240963856,0.5242252929192458,0.5578291133000177,1,0,0.7434174286658588,0.42857142857142855,0.7434174286658588,0.6,0.6,0.7436129323988243,0.719168382018103,0.04201680672268908,0.04201680672268908,0.6185567010309279,0.9999325920100464,0.0089573838176674,0.4,0,0.7436129323988243,0.42857142857142855,0.7436129323988243,0.6,0.6,0.001356684755796744,0,1,1,0.4827586206896552,0,1,0,1,0.001356684755796744,0,0.001356684755796744,0,0,0,0.42857142857142855,0.7227689813323136,0.7434174286658588,0.7434174286658588,0,0,0,0,0,0,0,0,0,0,0,0,0,0,0,0,1,1,0.4880952380952381,0,1,0,0,0,0,0,0,0,0,0,1,1,0.4625,0,1,0,0,0,0,0,0,0,0,0,0,0,0,0,0,0,0,0,0,0,0,0,0,0,0,0,0,0,0,0,0,0,0,0,0,0,0,0,0,0,0,0,0,0,0
0.5333333333333333,0,0.5333333333333333,0,0.5333333333333333,0.7448496199184753,0.7448496199184753,0.5333333333333333,0.011904761904761904,0.989876966204641,0.7522748375116063,0.05063291139240506,0.023529411764705882,0,0,0,0,0.14035087719298245,0.9215686274509803,0,0,0.3076923076923077,0,0,0.7448496199184753,0.95562234206014,0.17307692307692307,0.17307692307692307,0.3855421686746988,0.5242252929192458,0.5578291133000177,1,0,0.7448496199184753,0.7142857142857143,0.7448496199184753,0,0,0.7450825231743161,0.4871035388338407,0.15126050420168066,0.15126050420168066,0.6701030927835051,1,0,1,0,0.7450825231743161,0.7142857142857143,0.7450825231743161,0,0,0.7449432659102121,0.9519904910036737,0.1794871794871795,0.1794871794871795,0.25287356321839083,0.9999325920100464,0.0089573838176674,0.4,0,0.7449432659102121,0.7142857142857143,0.7449432659102121,0,0,0,0,0.95562234206014,0.7448496199184753,0.7448496199184753,0,0,0,0,0,0,0,0,0,0,0,0,0,0,0,0,1,1,0.4880952380952381,0,1,0,0,0,0,0,0,0,0,0,1,1,0.4625,0,1,0,0,0,0,0,0,0,0,0,0,0,0,0,0,0,0,0,0,0,0,0,0,0,0,0,0,0,0,0,0,0,0,0,0,0,0,0,0,0,0,0,0,0,0
0.6666666666666666,0,0.6666666666666666,0,0.6666666666666666,0.7452902941500495,0.7452902941500495,0.6666666666666666,0.011904761904761904,0.9841924933810933,0.7526462395543175,0.05063291139240506,0.16470588235294117,0,0,0.056910569105691054,0.07450980392156863,0.12280701754385964,0.47058823529411764,0,0.803921568627451,0.3076923076923077,0,0,0.7452902941500495,0.9990125279669306,0.38461538461538464,0.38461538461538464,0.8674698795180723,0.5242252929192458,0.5578291133000177,1,0,0.7452902941500495,0.8571428571428571,0.7452902941500495,0,0,0.7455347049513905,0.5304874444792934,0.16806722689075632,0.16806722689075632,0.8247422680412371,1,0,1,0,0.7455347049513905,0.8571428571428571,0.7455347049513905,0,0,0.7454366058214109,0.9953745360776607,0.13675213675213677,0.13675213675213677,0.8275862068965517,0.9999325920100464,0.0089573838176674,0.4,0,0.7454366058214109,0.8571428571428571,0.7454366058214109,0,0,0,0.7142857142857143,0.9990125279669306,0.7452902941500495,0.7452902941500495,0,0,0,0,0,0,0,0,0,0,0,0,0,0,0,0,1,1,0.4880952380952381,0,1,0,0,0,0,0,0,0,0,0,1,1,0.4625,0,1,0,0,0,0,0,0,0,0,0,0,0,0,0,0,0,0,0,0,0,0,0,0,0,0,0,0,0,0,0,0,0,0,0,0,0,0,0,0,0,0,0,0,0,0
0,0,0,0,0,0.7461716426131982,0.7461716426131982,0,0.011904761904761904,0.9842703628718268,0.75338904363974,0.05063291139240506,0.16862745098039217,0,0,0.08130081300813008,0.38823529411764707,0.12280701754385964,0.9647058823529412,0.012244897959183673,0.0196078431372549,0.3076923076923077,0.25,0.25,0.7461716426131982,0.6806720254137003,0.5769230769230769,0.5769230769230769,0.8795180722891566,1,0,1,0,0.7461716426131982,0.5714285714285714,0.7461716426131982,0.2,0.2,0.7463260230612706,0.1489541413007872,0.3949579831932773,0.3949579831932773,0.9381443298969072,0.9999679289833249,0.007373631495418912,1,0,0.7463260230612706,0.5714285714285714,0.7463260230612706,0,0,0.7460532807104094,0.14544777604350523,0.2905982905982906,0.2905982905982906,0.9310344827586207,0.9999325920100464,0.0089573838176674,0.4,0,0.7460532807104094,0.5714285714285714,0.7460532807104094,0,0,0,0.5714285714285714,0.6806720254137003,0.7461716426131982,0.7461716426131982,0,0,0,0,0,0,0,0,0,0,0,0,0,0,0,0,1,1,0.4880952380952381,0,1,0,0,0,0,0,0,0,0,0,1,1,0.4625,0,1,0,0,0,0,0,0,0,0,0,0,0,0,0,0,0,0,0,0,0,0,0,0,0,0,0,0,0,0,0,0,0,0,0,0,0,0,0,0,0,0,0,0,0,0
0.7333333333333333,0,0.7333333333333333,0,0.7333333333333333,0.7473834967500276,0.7473834967500276,0.7333333333333333,0.011904761904761904,0.9900327051861081,0.7546889507892294,0.05063291139240506,0.10196078431372549,0,0,0,0,0.14035087719298245,0.9294117647058824,0,0,0.3076923076923077,0,0,0.7473834967500276,0.2814661421630319,0.15384615384615385,0.15384615384615385,0.6385542168674698,0.5242252929192458,0.5578291133000177,1,0,0.7473834967500276,0.2857142857142857,0.7473834967500276,0,0,0.7475695229482252,0.813068793827108,0.05042016806722689,0.05042016806722689,0.27835051546391754,1,0,1,0,0.7475695229482252,0.2857142857142857,0.7475695229482252,0,0,0.7472866304884065,0.2779318147479249,0.05128205128205128,0.05128205128205128,0.5287356321839081,0.9999325920100464,0.0089573838176674,0.4,0,0.7472866304884065,0.2857142857142857,0.7472866304884065,0,0,0,0.14285714285714285,0.2814661421630319,0.7473834967500276,0.7473834967500276,0,0,0,0,0,0,0,0,0,0,0,0,0,0,0,0,1,1,0.4880952380952381,0,1,0,0,0,0,0,0,0,0,0,1,1,0.4625,0,1,0,0,0,0,0,0,0,0,0,0,0,0,0,0,0,0,0,0,0,0,0,0,0,0,0,0,0,0,0,0,0,0,0,0,0,0,0,0,0,0,0,0,0,0
0.06666666666666667,0,0.06666666666666667,0,0.06666666666666667,0.7483750137710697,0.7483750137710697,0.06666666666666667,0.011904761904761904,0.989876966204641,0.7554317548746519,0.05063291139240506,0.06274509803921569,0,0,0.016260162601626018,0.9176470588235294,0.14035087719298245,0.15294117647058825,0,0.027450980392156862,0.3076923076923077,0,0,0.7483750137710697,0.44665879370459566,0.7692307692307693,0.7692307692307693,0.9156626506024096,0.5242252929192458,0.5578291133000177,1,0,0.7483750137710697,0.14285714285714285,0.7483750137710697,0,0,0.7485869319466425,0.9782375373620784,0.2857142857142857,0.2857142857142857,0.8865979381443299,1,0,1,0,0.7485869319466425,0.14285714285714285,0.7485869319466425,0,0,0.7482733103108041,0.44310109322017377,0.13675213675213677,0.13675213675213677,0.8390804597701149,0.9999325920100464,0.0089573838176674,0.4,0,0.7482733103108041,0.14285714285714285,0.7482733103108041,0,0,0,1,0.44665879370459566,0.7483750137710697,0.7483750137710697,0,0,0,0,0,0,0,0,0,0,0,0,0,0,0,0,1,1,0.4880952380952381,0,1,0,0,0,0,0,0,0,0,0,1,1,0.4625,0,1,0,0,0,0,0,0,0,0,0,0,0,0,0,0,0,0,0,0,0,0,0,0,0,0,0,0,0,0,0,0,0,0,0,0,0,0,0,0,0,0,0,0,0,0
0.7333333333333333,0,0.7333333333333333,0,0.7333333333333333,0.7492563622342183,0.7492563622342183,0.7333333333333333,0.011904761904761904,0.9901105746768416,0.7565459610027855,0.05063291139240506,0.09411764705882353,0,0,0,0,0.14035087719298245,0.9450980392156862,0,0,0.3076923076923077,0,0,0.7492563622342183,0.5608960652012788,0.15384615384615385,0.15384615384615385,0.6144578313253012,0.5242252929192458,0.5578291133000177,1,0,0.7492563622342183,0.8571428571428571,0.7492563622342183,0.6,0.6,0.7494912955007913,0.5573208867463821,0.04201680672268908,0.04201680672268908,0.4845360824742268,0.9999325920100464,0.0089573838176674,0.4,0,0.7494912955007913,0.8571428571428571,0.7494912955007913,0.6,0.6,0.001356684755796744,0,1,1,0.4827586206896552,0,1,0,1,0.001356684755796744,0,0.001356684755796744,0,0,0,0.7142857142857143,0.5608960652012788,0.7492563622342183,0.7492563622342183,0,0,0,0,0,0,0,0,0,0,0,0,0,0,0,0,1,1,0.4880952380952381,0,1,0,0,0,0,0,0,0,0,0,1,1,0.4625,0,1,0,0,0,0,0,0,0,0,0,0,0,0,0,0,0,0,0,0,0,0,0,0,0,0,0,0,0,0,0,0,0,0,0,0,0,0,0,0,0,0,0,0,0,0
0,0,0,0,0,0.7500275421394734,0.7500275421394734,0,0.011904761904761904,0.9844261018532939,0.7571030640668523,0.05063291139240506,0.16862745098039217,0,0,0.08130081300813008,0.3803921568627451,0.12280701754385964,0.9686274509803922,0.012244897959183673,0.01568627450980392,0.3076923076923077,0,0,0.7500275421394734,0.7078214774376482,0.7692307692307693,0.7692307692307693,0.7951807228915663,0.5242252929192458,0.5578291133000177,1,0,0.7500275421394734,0.2857142857142857,0.7500275421394734,0,0,0.7502826136106715,0.23933979981087866,0.24369747899159663,0.24369747899159663,0.8144329896907216,1,0,1,0,0.7502826136106715,0.2857142857142857,0.7502826136106715,0,0,0.7498766650222003,0.7042268274595895,0.2905982905982906,0.2905982905982906,0.8045977011494253,0.9999325920100464,0.0089573838176674,0.4,0,0.7498766650222003,0.2857142857142857,0.7498766650222003,0,0,0,0.14285714285714285,0.7078214774376482,0.7500275421394734,0.7500275421394734,0,0,0,0,0,0,0,0,0,0,0,0,0,0,0,0,1,1,0.4880952380952381,0,1,0,0,0,0,0,0,0,0,0,1,1,0.4625,0,1,0,0,0,0,0,0,0,0,0,0,0,0,0,0,0,0,0,0,0,0,0,0,0,0,0,0,0,0,0,0,0,0,0,0,0,0,0,0,0,0,0,0,0,0
0.5333333333333333,0,0.5333333333333333,0,0.5333333333333333,0.7506885534868348,0.7506885534868348,0.5333333333333333,0.011904761904761904,0.9901105746768416,0.7580315691736305,0.046413502109704644,1,0,0,0,0,0.15789473684210525,0.011764705882352941,0,0,0.3076923076923077,0,0,0.7506885534868348,0.7937220569617975,0.1346153846153846,0.1346153846153846,0.6144578313253012,0.5242252929192458,0.5578291133000177,1,0,0.7506885534868348,0.14285714285714285,0.7506885534868348,0,0,0.7509608862762831,0.32522794329458915,0.11764705882352941,0.11764705882352941,0.7731958762886598,1,0,1,0,0.7509608862762831,0.14285714285714285,0.7509608862762831,0,0,0.7506166748889985,0.790115252147809,0.1282051282051282,0.1282051282051282,0.8505747126436781,0.9999325920100464,0.0089573838176674,0.4,0,0.7506166748889985,0.14285714285714285,0.7506166748889985,0,0,0,1,0.7937220569617975,0.7506885534868348,0.7506885534868348,0,0,0,0,0,0,0,0,0,0,0,0,0,0,0,0,1,1,0.4880952380952381,0,1,0,0,0,0,0,0,0,0,0,1,1,0.4625,0,1,0,0,0,0,0,0,0,0,0,0,0,0,0,0,0,0,0,0,0,0,0,0,0,0,0,0,0,0,0,0,0,0,0,0,0,0,0,0,0,0,0,0,0,0
0.12666666666666665,0,0.12666666666666665,0,0.12666666666666665,1.4292387352649554,1.4292387352649554,0.12666666666666665,0.022619047619047615,1.8810621398536054,1.442376973073352,0.09620253164556962,0.2011764705882353,0,0,0.030894308943089432,1.728627450980392,0.26666666666666666,0.38,0,0.05215686274509804,0.5846153846153846,0,0,1.4292387352649554,0.010168199917220523,1.351923076923077,1.351923076923077,1.7855421686746988,0.996028056546567,1.0598753152700335,1.9,0,1.4292387352649554,0,1.4292387352649554,0,0,1.429617906398372,1.020291540097512,0.4630252100840336,0.4630252100840336,1.7628865979381443,1.9,0,1.9,0,1.429617906398372,0,1.429617906398372,0,0,1.4289837197829305,0.0035312693046746393,0.24358974358974356,0.24358974358974356,1.6160919540229883,1.899871924819088,0.01701902925356806,0.76,0,1.4289837197829305,0,1.4289837197829305,0,0,0,0.5428571428571428,0.010168199917220523,1.4292387352649554,1.4292387352649554,0,0,0,0,0,0,0,0,0,0,0,0,0,0,0,0,1.9,1.9,0.9273809523809523,0,1.9,0,0,0,0,0,0,0,0,0,1.9,1.9,0.87875,0,1.9,0,0,0,0,0,0,0,0,0,0,0,0,0,0,0,0,0,0,0,0,0,0,0,0,0,0,0,0,0,0,0,0,0,0,0,0,0,0,0,0,0,0,0,0
0.4,0,0.4,0,0.4,0.7525614189710257,0.7525614189710257,0.4,0.011904761904761904,0.9841924933810933,0.7597028783658311,0.05063291139240506,0.12549019607843137,0,0,0.07317073170731707,0.9215686274509803,0.14035087719298245,0.7058823529411765,0.012244897959183673,0.611764705882353,0.3076923076923077,0.25,0.25,0.7525614189710257,0.5820096235463832,0.3269230769230769,0.3269230769230769,0.6506024096385542,1,0,1,0,0.7525614189710257,1,0.7525614189710257,0.2,0.2,0.7527696133845806,0.050305017347833006,0.20168067226890757,0.20168067226890757,0.8969072164948454,0.9999679289833249,0.007373631495418912,1,0,0.7527696133845806,1,0.7527696133845806,0,0,0.7524666995559941,0.04680034921110318,0.20512820512820512,0.20512820512820512,0.8850574712643678,0.9999325920100464,0.0089573838176674,0.4,0,0.7524666995559941,1,0.7524666995559941,0,0,0,0.8571428571428571,0.5820096235463832,0.7525614189710257,0.7525614189710257,0,0,0,0,0,0,0,0,0,0,0,0,0,0,0,0,1,1,0.4880952380952381,0,1,0,0,0,0,0,0,0,0,0,1,1,0.4625,0,1,0,0,0,0,0,0,0,0,0,0,0,0,0,0,0,0,0,0,0,0,0,0,0,0,0,0,0,0,0,0,0,0,0,0,0,0,0,0,0,0,0,0,0,0
0.7333333333333333,0,0.7333333333333333,0,0.7333333333333333,0.7532224303183871,0.7532224303183871,0.7333333333333333,0.011904761904761904,0.9902663136583086,0.7604456824512534,0.05063291139240506,0.06666666666666667,0,0,0,0,0.14035087719298245,0.996078431372549,0,0,0.3076923076923077,0.25,0.25,0.7532224303183871,0.6512971320960621,0.1346153846153846,0.1346153846153846,0.25301204819277107,1,0,1,0,0.7532224303183871,0.5714285714285714,0.7532224303183871,0.2,0.2,0.7534478860501922,0.11958232310158634,0.09243697478991597,0.09243697478991597,0.7216494845360825,0.9999679289833249,0.007373631495418912,1,0,0.7534478860501922,0.5714285714285714,0.7534478860501922,0,0,0.7532067094227923,0.116077963783613,0.05982905982905983,0.05982905982905983,0.5862068965517241,0.9999325920100464,0.0089573838176674,0.4,0,0.7532067094227923,0.5714285714285714,0.7532067094227923,0,0,0,0.5714285714285714,0.6512971320960621,0.7532224303183871,0.7532224303183871,0,0,0,0,0,0,0,0,0,0,0,0,0,0,0,0,1,1,0.4880952380952381,0,1,0,0,0,0,0,0,0,0,0,1,1,0.4625,0,1,0,0,0,0,0,0,0,0,0,0,0,0,0,0,0,0,0,0,0,0,0,0,0,0,0,0,0,0,0,0,0,0,0,0,0,0,0,0,0,0,0,0,0,0
0,0,0,0,0,0.7558664757078329,0.7558664757078329,0,0.011904761904761904,0.9846597103254945,0.7628597957288765,0.05063291139240506,0.16862745098039217,0,0,0.08130081300813008,0.3686274509803922,0.12280701754385964,0.9921568627450981,0.012244897959183673,0.011764705882352941,0.3076923076923077,0.25,0.25,0.7558664757078329,0.07748133407041441,0.5384615384615384,0.5384615384615384,0.927710843373494,1,0,1,0,0.7558664757078329,0.5714285714285714,0.7558664757078329,0.2,0.2,0.7560479312683699,0.5458723738986565,0.3865546218487395,0.3865546218487395,0.9484536082474226,0.9999679289833249,0.007373631495418912,1,0,0.7560479312683699,0.5714285714285714,0.7560479312683699,0,0,0.7557967439565861,0.542369921680921,0.3076923076923077,0.3076923076923077,0.9770114942528736,0.9999325920100464,0.0089573838176674,0.4,0,0.7557967439565861,0.5714285714285714,0.7557967439565861,0,0,0,0.5714285714285714,0.07748133407041441,0.7558664757078329,0.7558664757078329,0,0,0,0,0,0,0,0,0,0,0,0,0,0,0,0,1,1,0.4880952380952381,0,1,0,0,0,0,0,0,0,0,0,1,1,0.4625,0,1,0,0,0,0,0,0,0,0,0,0,0,0,0,0,0,0,0,0,0,0,0,0,0,0,0,0,0,0,0,0,0,0,0,0,0,0,0,0,0,0,0,0,0,0
0,0,0,0,0,0.7578495097499174,0.7578495097499174,0,0.011904761904761904,0.984737579816228,0.7649025069637883,0.05063291139240506,0.12549019607843137,0,0,0.08130081300813008,0.36470588235294116,0.12280701754385964,0.996078431372549,0.012244897959183673,0.00784313725490196,0.3076923076923077,0.25,0.25,0.7578495097499174,0.35691045137878286,0.5192307692307693,0.5192307692307693,0.7951807228915663,1,0,1,0,0.7578495097499174,0.7142857142857143,0.7578495097499174,0.2,0.2,0.757969703820936,0.8252603419458636,0.37815126050420167,0.37815126050420167,0.8247422680412371,0.9999679289833249,0.007373631495418912,1,0,0.757969703820936,0.7142857142857143,0.757969703820936,0,0,0.7576467686235816,0.8217591336418332,0.2905982905982906,0.2905982905982906,0.7701149425287356,0.9999325920100464,0.0089573838176674,0.4,0,0.7576467686235816,0.7142857142857143,0.7576467686235816,0,0,0,0,0.35691045137878286,0.7578495097499174,0.7578495097499174,0,0,0,0,0,0,0,0,0,0,0,0,0,0,0,0,1,1,0.4880952380952381,0,1,0,0,0,0,0,0,0,0,0,1,1,0.4625,0,1,0,0,0,0,0,0,0,0,0,0,0,0,0,0,0,0,0,0,0,0,0,0,0,0,0,0,0,0,0,0,0,0,0,0,0,0,0,0,0,0,0,0,0,0
0.4,0,0.4,0,0.4,0.7584003525393853,0.7584003525393853,0.4,0.011904761904761904,0.9844261018532939,0.7654596100278551,0.046413502109704644,0.996078431372549,0,0,0.07317073170731707,0.9176470588235294,0.14035087719298245,0.7176470588235294,0.012244897959183673,0.6039215686274509,0.3076923076923077,0,0,0.7584003525393853,0.8886338563387762,0.5384615384615384,0.5384615384615384,0.8192771084337349,0.5242252929192458,0.5578291133000177,1,0,0.7584003525393853,0.7142857142857143,0.7584003525393853,0,0,0.758534931042279,0.4201272730820554,0.18487394957983194,0.18487394957983194,0.7731958762886598,1,0,1,0,0.758534931042279,0.7142857142857143,0.758534931042279,0,0,0.7582634435125801,0.8850157277443123,0.21367521367521367,0.21367521367521367,0.5632183908045977,0.9999325920100464,0.0089573838176674,0.4,0,0.7582634435125801,0.7142857142857143,0.7582634435125801,0,0,0,0,0.8886338563387762,0.7584003525393853,0.7584003525393853,0,0,0,0,0,0,0,0,0,0,0,0,0,0,0,0,1,1,0.4880952380952381,0,1,0,0,0,0,0,0,0,0,0,1,1,0.4625,0,1,0,0,0,0,0,0,0,0,0,0,0,0,0,0,0,0,0,0,0,0,0,0,0,0,0,0,0,0,0,0,0,0,0,0,0,0,0,0,0,0,0,0,0,0
0.6,0,0.6,0,0.6,0.7586206896551724,0.7586206896551724,0.6,0.011904761904761904,0.984581840834761,0.7656453110492107,0.046413502109704644,0.8980392156862745,0,0,0.032520325203252036,0.29411764705882354,0.14035087719298245,0.4235294117647059,0,0.13333333333333333,0.3076923076923077,0.25,0.25,0.7586206896551724,0.4449208699858768,0.25,0.25,0.43373493975903615,1,0,1,0,0.7586206896551724,0.7142857142857143,0.7586206896551724,0.2,0.2,0.7587610219308162,0.913257797632383,0.16806722689075632,0.16806722689075632,0.7731958762886598,0.9999679289833249,0.007373631495418912,1,0,0.7587610219308162,0.7142857142857143,0.7587610219308162,0,0,0.7585101134681795,0.9097569802882916,0.3076923076923077,0.3076923076923077,0.7931034482758621,0.9999325920100464,0.0089573838176674,0.4,0,0.7585101134681795,0.7142857142857143,0.7585101134681795,0,0,0,0,0.4449208699858768,0.7586206896551724,0.7586206896551724,0,0,0,0,0,0,0,0,0,0,0,0,0,0,0,0,1,1,0.4880952380952381,0,1,0,0,0,0,0,0,0,0,0,1,1,0.4625,0,1,0,0,0,0,0,0,0,0,0,0,0,0,0,0,0,0,0,0,0,0,0,0,0,0,0,0,0,0,0,0,0,0,0,0,0,0,0,0,0,0,0,0,0,0
0,0,0,0,0,0.7598325437920017,0.7598325437920017,0,0.011904761904761904,0.9848154493069615,0.7665738161559889,0.05063291139240506,0.12549019607843137,0,0,0.08130081300813008,0.3686274509803922,0.12280701754385964,1,0.012244897959183673,0.00784313725490196,0.3076923076923077,0.25,0.25,0.7598325437920017,0.6363392477924193,0.5192307692307693,0.5192307692307693,0.8072289156626506,1,0,1,0,0.7598325437920017,0.2857142857142857,0.7598325437920017,0.2,0.2,0.7600045218177708,0.10462536494543448,0.33613445378151263,0.33613445378151263,0.8247422680412371,0.9999679289833249,0.007373631495418912,1,0,0.7600045218177708,0.2857142857142857,0.7600045218177708,0,0,0.7596201282683769,0.10112303232131149,0.3076923076923077,0.3076923076923077,0.7931034482758621,0.9999325920100464,0.0089573838176674,0.4,0,0.7596201282683769,0.2857142857142857,0.7596201282683769,0,0,0,0.14285714285714285,0.6363392477924193,0.7598325437920017,0.7598325437920017,0,0,0,0,0,0,0,0,0,0,0,0,0,0,0,0,1,1,0.4880952380952381,0,1,0,0,0,0,0,0,0,0,0,1,1,0.4625,0,1,0,0,0,0,0,0,0,0,0,0,0,0,0,0,0,0,0,0,0,0,0,0,0,0,0,0,0,0,0,0,0,0,0,0,0,0,0,0,0,0,0,0,0,0
0.5333333333333333,0,0.5333333333333333,0,0.5333333333333333,0.7604935551393632,0.7604935551393632,0.5333333333333333,0.011904761904761904,0.9904999221305093,0.12423398328690807,0.05063291139240506,0.03137254901960784,0,0,0,0,0.15789473684210525,0.07058823529411765,0,0,0.3076923076923077,0,0,0.7604935551393632,0.19049864041047163,0.15384615384615385,0.15384615384615385,0.6144578313253012,0.5242252929192458,0.5578291133000177,1,0,0.7604935551393632,0.8571428571428571,0.7604935551393632,0,0,0.7606827944833823,0.7221169850215229,0.13445378151260504,0.13445378151260504,0.7010309278350515,1,0,1,0,0.7606827944833823,0.8571428571428571,0.7606827944833823,0,0,0.7603601381351751,0.18698140830017146,0.15384615384615385,0.15384615384615385,0.8390804597701149,0.9999325920100464,0.0089573838176674,0.4,0,0.7603601381351751,0.8571428571428571,0.7603601381351751,0,0,0,0.7142857142857143,0.19049864041047163,0.7604935551393632,0.7604935551393632,0,0,0,0,0,0,0,0,0,0,0,0,0,0,0,0,1,1,0.4880952380952381,0,1,0,0,0,0,0,0,0,0,0,1,1,0.4625,0,1,0,0,0,0,0,0,0,0,0,0,0,0,0,0,0,0,0,0,0,0,0,0,0,0,0,0,0,0,0,0,0,0,0,0,0,0,0,0,0,0,0,0,0,0
0.26666666666666666,0,0.26666666666666666,0,0.26666666666666666,0.7620359149498733,0.7620359149498733,0.26666666666666666,0.011904761904761904,0.984737579816228,0.7686165273909007,0.05063291139240506,0.10588235294117647,0,0,0.04065040650406504,0.9490196078431372,0.15789473684210525,0.00784313725490196,0.004081632653061225,0.1450980392156863,0.3076923076923077,0,0,0.7620359149498733,0.42519111707791296,0.15384615384615385,0.15384615384615385,0.6867469879518072,0.5242252929192458,0.5578291133000177,1,0,0.7620359149498733,0.14285714285714285,0.7620359149498733,0,0,0.7622654307031427,0.9567755038308211,0.11764705882352941,0.11764705882352941,0.8144329896907216,1,0,1,0,0.7622654307031427,0.14285714285714285,0.7622654307031427,0,0,0.7618401578687716,0.4216406535517892,0.13675213675213677,0.13675213675213677,0.8735632183908046,0.9999325920100464,0.0089573838176674,0.4,0,0.7618401578687716,0.14285714285714285,0.7618401578687716,0,0,0,1,0.42519111707791296,0.7620359149498733,0.7620359149498733,0,0,0,0,0,0,0,0,0,0,0,0,0,0,0,0,1,1,0.4880952380952381,0,1,0,0,0,0,0,0,0,0,0,1,1,0.4625,0,1,0,0,0,0,0,0,0,0,0,0,0,0,0,0,0,0,0,0,0,0,0,0,0,0,0,0,0,0,0,0,0,0,0,0,0,0,0,0,0,0,0,0,0,0
0.6666666666666666,0,0.6666666666666666,0,0.6666666666666666,0.7628070948551283,0.7628070948551283,0.6666666666666666,0.011904761904761904,0.984893318797695,0.7691736304549674,0.05063291139240506,0.1568627450980392,0,0,0.056910569105691054,0.06274509803921569,0.12280701754385964,0.6901960784313725,0,0.803921568627451,0.3076923076923077,0,0,0.7628070948551283,0.5133295661626924,0.40384615384615385,0.40384615384615385,0.891566265060241,0.5242252929192458,0.5578291133000177,1,0,0.7628070948551283,0,0.7628070948551283,0,0,0.7630567488130229,0.044878581569929105,0.15126050420168066,0.15126050420168066,0.8556701030927835,1,0,1,0,0.7630567488130229,0,0.7630567488130229,0,0,0.7625801677355698,0.5097666235828254,0.05982905982905983,0.05982905982905983,0.5862068965517241,0.9999325920100464,0.0089573838176674,0.4,0,0.7625801677355698,0,0.7625801677355698,0,0,0,0.2857142857142857,0.5133295661626924,0.7628070948551283,0.7628070948551283,0,0,0,0,0,0,0,0,0,0,0,0,0,0,0,0,1,1,0.4880952380952381,0,1,0,0,0,0,0,0,0,0,0,1,1,0.4625,0,1,0,0,0,0,0,0,0,0,0,0,0,0,0,0,0,0,0,0,0,0,0,0,0,0,0,0,0,0,0,0,0,0,0,0,0,0,0,0,0,0,0,0,0,0
0.06666666666666667,0,0.06666666666666667,0,0.06666666666666667,0.7639087804340641,0.7639087804340641,0.06666666666666667,0.011904761904761904,0.9904999221305093,0.7701021355617456,0.046413502109704644,0.9686274509803922,0,0,0.016260162601626018,0.9215686274509803,0.14035087719298245,0.3215686274509804,0,0.027450980392156862,0.3076923076923077,0.25,0.25,0.7639087804340641,0.21330996685326017,0.4230769230769231,0.4230769230769231,0.8072289156626506,1,0,1,0,0.7639087804340641,0.2857142857142857,0.7639087804340641,0.2,0.2,0.7641872032557088,0.6816797128205233,0.35294117647058826,0.35294117647058826,0.845360824742268,0.9999679289833249,0.007373631495418912,1,0,0.7641872032557088,0.2857142857142857,0.7641872032557088,0,0,0.7635668475579674,0.6781799193192048,0.1623931623931624,0.1623931623931624,0.7931034482758621,0.9999325920100464,0.0089573838176674,0.4,0,0.7635668475579674,0.2857142857142857,0.7635668475579674,0,0,0,0.14285714285714285,0.21330996685326017,0.7639087804340641,0.7639087804340641,0,0,0,0,0,0,0,0,0,0,0,0,0,0,0,0,1,1,0.4880952380952381,0,1,0,0,0,0,0,0,0,0,0,1,1,0.4625,0,1,0,0,0,0,0,0,0,0,0,0,0,0,0,0,0,0,0,0,0,0,0,0,0,0,0,0,0,0,0,0,0,0,0,0,0,0,0,0,0,0,0,0,0,0
0.4,0,0.4,0,0.4,0.7662223201498293,0.7662223201498293,0.4,0.011904761904761904,0.984737579816228,0.772330547818013,0.05063291139240506,0.054901960784313725,0,0,0.07317073170731707,0.9098039215686274,0.14035087719298245,0.7568627450980392,0.012244897959183673,0.6,0.3076923076923077,0.25,0.25,0.7662223201498293,0.5377824866598331,0.36538461538461536,0.36538461538461536,0.8554216867469879,1,0,1,0,0.7662223201498293,0.14285714285714285,0.7662223201498293,0.2,0.2,0.7665611575853493,0.006081819970425546,0.2773109243697479,0.2773109243697479,0.8969072164948454,0.9999679289833249,0.007373631495418912,1,0,0.7665611575853493,0.14285714285714285,0.7665611575853493,0,0,0.7657868771583621,0.0025810841307226926,0.23931623931623933,0.23931623931623933,0.8390804597701149,0.9999325920100464,0.0089573838176674,0.4,0,0.7657868771583621,0.14285714285714285,0.7657868771583621,0,0,0,1,0.5377824866598331,0.7662223201498293,0.7662223201498293,0,0,0,0,0,0,0,0,0,0,0,0,0,0,0,0,1,1,0.4880952380952381,0,1,0,0,0,0,0,0,0,0,0,1,1,0.4625,0,1,0,0,0,0,0,0,0,0,0,0,0,0,0,0,0,0,0,0,0,0,0,0,0,0,0,0,0,0,0,0,0,0,0,0,0,0,0,0,0,0,0,0,0,0
0.6,0,0.6,0,0.6,0.7684256913077008,0.7684256913077008,0.6,0.011904761904761904,0.9849711882884286,0.774744661095636,0.046413502109704644,0.9333333333333333,0,0,0.032520325203252036,0.2823529411764706,0.14035087719298245,0.48627450980392156,0,0.13333333333333333,0.3076923076923077,0,0,0.7684256913077008,0.31016223763255496,0.36538461538461536,0.36538461538461536,0.8554216867469879,0.5242252929192458,0.5578291133000177,1,0,0.7684256913077008,0.8571428571428571,0.7684256913077008,0,0,0.7688220664707213,0.8417645685362842,0.13445378151260504,0.13445378151260504,0.711340206185567,1,0,1,0,0.7688220664707213,0.8571428571428571,0.7688220664707213,0,0,0.7680069067587568,0.30663006914625385,0.3076923076923077,0.3076923076923077,0.9195402298850575,0.9999325920100464,0.0089573838176674,0.4,0,0.7680069067587568,0.8571428571428571,0.7680069067587568,0,0,0,0.7142857142857143,0.31016223763255496,0.7684256913077008,0.7684256913077008,0,0,0,0,0,0,0,0,0,0,0,0,0,0,0,0,1,1,0.4880952380952381,0,1,0,0,0,0,0,0,0,0,0,1,1,0.4625,0,1,0,0,0,0,0,0,0,0,0,0,0,0,0,0,0,0,0,0,0,0,0,0,0,0,0,0,0,0,0,0,0,0,0,0,0,0,0,0,0,0,0,0,0,0
0.4,0,0.4,0,0.4,0.770188388233998,0.770188388233998,0.4,0.011904761904761904,0.984893318797695,0.7764159702878366,0.05063291139240506,0.047058823529411764,0,0,0.07317073170731707,0.9058823529411765,0.14035087719298245,0.7686274509803922,0.012244897959183673,0.592156862745098,0.3076923076923077,0,0,0.770188388233998,0.5649545342837337,0.5,0.5,0.9397590361445783,0.5242252929192458,0.5578291133000177,1,0,0.770188388233998,1,0.770188388233998,0,0,0.7704047026904816,0.09649737950097957,0.15966386554621848,0.15966386554621848,0.8144329896907216,1,0,1,0,0.7704047026904816,1,0.7704047026904816,0,0,0.7694869264923533,0.5613862658513793,0.21367521367521367,0.21367521367521367,0.8735632183908046,0.9999325920100464,0.0089573838176674,0.4,0,0.7694869264923533,1,0.7694869264923533,0,0,0,0.8571428571428571,0.5649545342837337,0.770188388233998,0.770188388233998,0,0,0,0,0,0,0,0,0,0,0,0,0,0,0,0,1,1,0.4880952380952381,0,1,0,0,0,0,0,0,0,0,0,1,1,0.4625,0,1,0,0,0,0,0,0,0,0,0,0,0,0,0,0,0,0,0,0,0,0,0,0,0,0,0,0,0,0,0,0,0,0,0,0,0,0,0,0,0,0,0,0,0,0
0,0,0,0,0,0.7716205794866146,0.7716205794866146,0,0.011904761904761904,0.9852826662513627,0.7773444753946147,0.05063291139240506,0.06274509803921569,0,0,0.08130081300813008,0.36470588235294116,0.14035087719298245,0.0392156862745098,0.012244897959183673,0.00784313725490196,0.3076923076923077,0.25,0.25,0.7716205794866146,0.3125738460748395,0.5192307692307693,0.5192307692307693,0.9156626506024096,1,0,1,0,0.7716205794866146,0.5714285714285714,0.7716205794866146,0.2,0.2,0.7717612480217048,0.7809276697800565,0.3949579831932773,0.3949579831932773,0.9381443298969072,0.9999679289833249,0.007373631495418912,1,0,0.7717612480217048,0.5714285714285714,0.7717612480217048,0,0,0.7709669462259496,0.7774302736038611,0.3162393162393162,0.3162393162393162,0.8735632183908046,0.9999325920100464,0.0089573838176674,0.4,0,0.7709669462259496,0.5714285714285714,0.7709669462259496,0,0,0,0.5714285714285714,0.3125738460748395,0.7716205794866146,0.7716205794866146,0,0,0,0,0,0,0,0,0,0,0,0,0,0,0,0,1,1,0.4880952380952381,0,1,0,0,0,0,0,0,0,0,0,1,1,0.4625,0,1,0,0,0,0,0,0,0,0,0,0,0,0,0,0,0,0,0,0,0,0,0,0,0,0,0,0,0,0,0,0,0,0,0,0,0,0,0,0,0,0,0,0,0,0
0.5333333333333333,0,0.5333333333333333,0,0.5333333333333333,0.7762476589181447,0.7762476589181447,0.5333333333333333,0.011904761904761904,0.9911228780563776,0.7821727019498608,0.046413502109704644,0.9647058823529412,0,0,0,0,0.14035087719298245,0.9921568627450981,0,0,0.3076923076923077,0.25,0.25,0.7762476589181447,0.9572578174576839,0.25,0.25,0.4939759036144578,1,0,1,0,0.7762476589181447,0.7142857142857143,0.7762476589181447,0.2,0.2,0.7765091566809857,0.42549406561312514,0.09243697478991597,0.09243697478991597,0.5876288659793815,0.9999679289833249,0.007373631495418912,1,0,0.7765091566809857,0.7142857142857143,0.7765091566809857,0,0,0.7751603354711396,0.42199704258392867,0.1794871794871795,0.1794871794871795,0.39080459770114945,0.9999325920100464,0.0089573838176674,0.4,0,0.7751603354711396,0.7142857142857143,0.7751603354711396,0,0,0,0,0.9572578174576839,0.7762476589181447,0.7762476589181447,0,0,0,0,0,0,0,0,0,0,0,0,0,0,0,0,1,1,0.4880952380952381,0,1,0,0,0,0,0,0,0,0,0,1,1,0.4625,0,1,0,0,0,0,0,0,0,0,0,0,0,0,0,0,0,0,0,0,0,0,0,0,0,0,0,0,0,0,0,0,0,0,0,0,0,0,0,0,0,0,0,0,0,0
0.06666666666666667,0,0.06666666666666667,0,0.06666666666666667,0.7797730527707393,0.7797730527707393,0.06666666666666667,0.011904761904761904,0.9911228780563776,0.7855153203342619,0.05063291139240506,0.0196078431372549,0,0,0.016260162601626018,0.9372549019607843,0.14035087719298245,0.37254901960784315,0,0.027450980392156862,0.3076923076923077,0.25,0.25,0.7797730527707393,0.4484191851776881,0.36538461538461536,0.36538461538461536,0.891566265060241,1,0,1,0,0.7797730527707393,0.14285714285714285,0.7797730527707393,0.2,0.2,0.7800135654533122,0.916751703269542,0.35294117647058826,0.35294117647058826,0.9587628865979382,0.9999679289833249,0.007373631495418912,1,0,0.7800135654533122,0.14285714285714285,0.7800135654533122,0,0,0.7783670448939319,0.9132567486127541,0.11965811965811966,0.11965811965811966,0.7586206896551724,0.9999325920100464,0.0089573838176674,0.4,0,0.7783670448939319,0.14285714285714285,0.7783670448939319,0,0,0,1,0.4484191851776881,0.7797730527707393,0.7797730527707393,0,0,0,0,0,0,0,0,0,0,0,0,0,0,0,0,1,1,0.4880952380952381,0,1,0,0,0,0,0,0,0,0,0,1,1,0.4625,0,1,0,0,0,0,0,0,0,0,0,0,0,0,0,0,0,0,0,0,0,0,0,0,0,0,0,0,0,0,0,0,0,0,0,0,0,0,0,0,0,0,0,0,0,0
0.3333333333333333,0,0.3333333333333333,0,0.3333333333333333,0.7799933898865263,0.7799933898865263,0.3333333333333333,0.011904761904761904,0.9912007475471111,0.7858867223769731,0.05063291139240506,0.10196078431372549,0,0,0.04878048780487805,0.5450980392156862,0.14035087719298245,0.4235294117647059,0,0.5098039215686274,0.3076923076923077,0.25,0.25,0.7799933898865263,0.47855309536902757,0.38461538461538464,0.38461538461538464,0.6987951807228916,1,0,1,0,0.7799933898865263,0.7142857142857143,0.7799933898865263,0.2,0.2,0.7802396563418494,0.9468811748767421,0.42857142857142855,0.42857142857142855,0.8350515463917526,0.9999679289833249,0.007373631495418912,1,0,0.7802396563418494,0.7142857142857143,0.7802396563418494,0,0,0.7786137148495313,0.9433863474540392,0.20512820512820512,0.20512820512820512,0.45977011494252873,0.9999325920100464,0.0089573838176674,0.4,0,0.7786137148495313,0.7142857142857143,0.7786137148495313,0,0,0,0,0.47855309536902757,0.7799933898865263,0.7799933898865263,0,0,0,0,0,0,0,0,0,0,0,0,0,0,0,0,1,1,0.4880952380952381,0,1,0,0,0,0,0,0,0,0,0,1,1,0.4625,0,1,0,0,0,0,0,0,0,0,0,0,0,0,0,0,0,0,0,0,0,0,0,0,0,0,0,0,0,0,0,0,0,0,0,0,0,0,0,0,0,0,0,0,0,0
0.4,0,0.4,0,0.4,0.7801035584444199,0.7801035584444199,0.4,0.011904761904761904,0.9852826662513627,0.7860724233983287,0.05063291139240506,0.03529411764705882,0,0,0.07317073170731707,0.9058823529411765,0.14035087719298245,0.8117647058823529,0.012244897959183673,0.5882352941176471,0.3076923076923077,0,0,0.7801035584444199,0.9619947492884576,0.5961538461538461,0.5961538461538461,0.9518072289156626,0.5242252929192458,0.5578291133000177,1,0,0.7801035584444199,0.14285714285714285,0.7801035584444199,0,0,0.780352701786118,0.49348144621970735,0.19327731092436976,0.19327731092436976,0.8762886597938144,1,0,1,0,0.780352701786118,0.14285714285714285,0.780352701786118,0,0,0.778737049827331,0.958372072469536,0.24786324786324787,0.24786324786324787,0.8160919540229885,0.9999325920100464,0.0089573838176674,0.4,0,0.778737049827331,0.14285714285714285,0.778737049827331,0,0,0,1,0.9619947492884576,0.7801035584444199,0.7801035584444199,0,0,0,0,0,0,0,0,0,0,0,0,0,0,0,0,1,1,0.4880952380952381,0,1,0,0,0,0,0,0,0,0,0,1,1,0.4625,0,1,0,0,0,0,0,0,0,0,0,0,0,0,0,0,0,0,0,0,0,0,0,0,0,0,0,0,0,0,0,0,0,0,0,0,0,0,0,0,0,0,0,0,0,0
0.3333333333333333,0,0.3333333333333333,0,0.3333333333333333,0.7819764239286108,0.7819764239286108,0.3333333333333333,0.011904761904761904,0.9912786170378446,0.7877437325905292,0.05063291139240506,0.047058823529411764,0,0,0.04878048780487805,0.5490196078431373,0.14035087719298245,0.4235294117647059,0,0.5098039215686274,0.3076923076923077,0,0,0.7819764239286108,0.22626660257180184,0.9423076923076923,0.9423076923076923,0.7951807228915663,0.5242252929192458,0.5578291133000177,1,0,0.7819764239286108,0.7142857142857143,0.7819764239286108,0,0,0.7822744743386841,0.7578836694429678,0.18487394957983194,0.18487394957983194,0.7835051546391752,1,0,1,0,0.7822744743386841,0.7142857142857143,0.7822744743386841,0,0,0.7804637395165269,0.22275008431217774,0.21367521367521367,0.21367521367521367,0.5862068965517241,0.9999325920100464,0.0089573838176674,0.4,0,0.7804637395165269,0.7142857142857143,0.7804637395165269,0,0,0,0,0.22626660257180184,0.7819764239286108,0.7819764239286108,0,0,0,0,0,0,0,0,0,0,0,0,0,0,0,0,1,1,0.4880952380952381,0,1,0,0,0,0,0,0,0,0,0,1,1,0.4625,0,1,0,0,0,0,0,0,0,0,0,0,0,0,0,0,0,0,0,0,0,0,0,0,0,0,0,0,0,0,0,0,0,0,0,0,0,0,0,0,0,0,0,0,0,0
0.4,0,0.4,0,0.4,0.7820865924865044,0.7820865924865044,0.4,0.011904761904761904,0.9853605357420963,0.7879294336118848,0.05063291139240506,0.054901960784313725,0,0,0.07317073170731707,0.9058823529411765,0.14035087719298245,0.8235294117647058,0.012244897959183673,0.5843137254901961,0.3076923076923077,0.25,0.25,0.7820865924865044,0.7729829438795894,0.38461538461538464,0.38461538461538464,0.9036144578313253,1,0,1,0,0.7820865924865044,0.14285714285714285,0.7820865924865044,0.2,0.2,0.7823875197829527,0.24124503692619445,0.2857142857142857,0.2857142857142857,0.9072164948453608,0.9999679289833249,0.007373631495418912,1,0,0.7823875197829527,0.14285714285714285,0.7823875197829527,0,0,0.7805870744943266,0.23774908473128428,0.24786324786324787,0.24786324786324787,0.8735632183908046,0.9999325920100464,0.0089573838176674,0.4,0,0.7805870744943266,0.14285714285714285,0.7805870744943266,0,0,0,1,0.7729829438795894,0.7820865924865044,0.7820865924865044,0,0,0,0,0,0,0,0,0,0,0,0,0,0,0,0,1,1,0.4880952380952381,0,1,0,0,0,0,0,0,0,0,0,1,1,0.4625,0,1,0,0,0,0,0,0,0,0,0,0,0,0,0,0,0,0,0,0,0,0,0,0,0,0,0,0,0,0,0,0,0,0,0,0,0,0,0,0,0,0,0,0,0,0
0.4,0,0.4,0,0.4,0.787925526054864,0.787925526054864,0.4,0.011904761904761904,0.9855941442142968,0.793686165273909,0.05063291139240506,0.027450980392156862,0,0,0.07317073170731707,0.9019607843137255,0.14035087719298245,0.8352941176470589,0.012244897959183673,0.5803921568627451,0.3076923076923077,0.25,0.25,0.787925526054864,0.6111400549258513,0.2692307692307692,0.2692307692307692,0.6626506024096386,1,0,1,0,0.787925526054864,0.7142857142857143,0.787925526054864,0.2,0.2,0.7882658828849197,0.07942469218432542,0.2689075630252101,0.2689075630252101,0.8247422680412371,0.9999679289833249,0.007373631495418912,1,0,0.7882658828849197,0.7142857142857143,0.7882658828849197,0,0,0.7867538233843118,0.07592988914569519,0.2222222222222222,0.2222222222222222,0.7816091954022989,0.9999325920100464,0.0089573838176674,0.4,0,0.7867538233843118,0.7142857142857143,0.7867538233843118,0,0,0,0,0.6111400549258513,0.787925526054864,0.787925526054864,0,0,0,0,0,0,0,0,0,0,0,0,0,0,0,0,1,1,0.4880952380952381,0,1,0,0,0,0,0,0,0,0,0,1,1,0.4625,0,1,0,0,0,0,0,0,0,0,0,0,0,0,0,0,0,0,0,0,0,0,0,0,0,0,0,0,0,0,0,0,0,0,0,0,0,0,0,0,0,0,0,0,0,0
0,0,0,0,0,0.7893577173074805,0.7893577173074805,0,0.011904761904761904,0.9859834916679645,0.7948003714020427,0.05063291139240506,0.0392156862745098,0,0,0.08130081300813008,0.36470588235294116,0.14035087719298245,0.10588235294117647,0.012244897959183673,0,0.3076923076923077,0.25,0.25,0.7893577173074805,0.8270984004665357,0.5,0.5,0.8674698795180723,1,0,1,0,0.7893577173074805,0.8571428571428571,0.7893577173074805,0.2,0.2,0.7896224282161429,0.2953512339279477,0.3865546218487395,0.3865546218487395,0.8762886597938144,0.9999679289833249,0.007373631495418912,1,0,0.7896224282161429,0.8571428571428571,0.7896224282161429,0,0,0.7881105081401085,0.29185732965278743,0.2905982905982906,0.2905982905982906,0.8850574712643678,0.9999325920100464,0.0089573838176674,0.4,0,0.7881105081401085,0.8571428571428571,0.7881105081401085,0,0,0,0.7142857142857143,0.8270984004665357,0.7893577173074805,0.7893577173074805,0,0,0,0,0,0,0,0,0,0,0,0,0,0,0,0,1,1,0.4880952380952381,0,1,0,0,0,0,0,0,0,0,0,1,1,0.4625,0,1,0,0,0,0,0,0,0,0,0,0,0,0,0,0,0,0,0,0,0,0,0,0,0,0,0,0,0,0,0,0,0,0,0,0,0,0,0,0,0,0,0,0,0,0
0.06666666666666667,0,0.06666666666666667,0,0.06666666666666667,0.7895780544232676,0.7895780544232676,0.06666666666666667,0.011904761904761904,0.9915122255100451,0.7949860724233984,0.046413502109704644,0.8274509803921568,0,0,0.016260162601626018,0.9450980392156862,0.14035087719298245,0.3607843137254902,0,0.027450980392156862,0.3076923076923077,0.25,0.25,0.7895780544232676,0.8453981728620966,0.28846153846153844,0.28846153846153844,0.7349397590361446,1,0,1,0,0.7895780544232676,0.2857142857142857,0.7895780544232676,0.2,0.2,0.7898485191046801,0.3136483105337158,0.37815126050420167,0.37815126050420167,0.8350515463917526,0.9999679289833249,0.007373631495418912,1,0,0.7898485191046801,0.2857142857142857,0.7898485191046801,0,0,0.7883571780957079,0.3101544846070377,0.1623931623931624,0.1623931623931624,0.7816091954022989,0.9999325920100464,0.0089573838176674,0.4,0,0.7883571780957079,0.2857142857142857,0.7883571780957079,0,0,0,0.14285714285714285,0.8453981728620966,0.7895780544232676,0.7895780544232676,0,0,0,0,0,0,0,0,0,0,0,0,0,0,0,0,1,1,0.4880952380952381,0,1,0,0,0,0,0,0,0,0,0,1,1,0.4625,0,1,0,0,0,0,0,0,0,0,0,0,0,0,0,0,0,0,0,0,0,0,0,0,0,0,0,0,0,0,0,0,0,0,0,0,0,0,0,0,0,0,0,0,0,0
0.4,0,0.4,0,0.4,0.7899085600969483,0.7899085600969483,0.4,0.011904761904761904,0.9856720137050303,0.7955431754874652,0.05063291139240506,0.03529411764705882,0,0,0.07317073170731707,0.9019607843137255,0.14035087719298245,0.8352941176470589,0.012244897959183673,0.5803921568627451,0.3076923076923077,0.25,0.25,0.7899085600969483,0.8905819507375001,0.3076923076923077,0.3076923076923077,0.7349397590361446,1,0,1,0,0.7899085600969483,0.8571428571428571,0.7899085600969483,0.2,0.2,0.7901876554374858,0.35882543337674677,0.2773109243697479,0.2773109243697479,0.8865979381443299,0.9999679289833249,0.007373631495418912,1,0,0.7901876554374858,0.8571428571428571,0.7901876554374858,0,0,0.788727183029107,0.35533179535041254,0.23931623931623933,0.23931623931623933,0.896551724137931,0.9999325920100464,0.0089573838176674,0.4,0,0.788727183029107,0.8571428571428571,0.788727183029107,0,0,0,0.7142857142857143,0.8905819507375001,0.7899085600969483,0.7899085600969483,0,0,0,0,0,0,0,0,0,0,0,0,0,0,0,0,1,1,0.4880952380952381,0,1,0,0,0,0,0,0,0,0,0,1,1,0.4625,0,1,0,0,0,0,0,0,0,0,0,0,0,0,0,0,0,0,0,0,0,0,0,0,0,0,0,0,0,0,0,0,0,0,0,0,0,0,0,0,0,0,0,0,0,0
0.5333333333333333,0,0.5333333333333333,0,0.5333333333333333,0.7900187286548419,0.7900187286548419,0.5333333333333333,0.011904761904761904,0.9916679644915122,0.7957288765088208,0.046413502109704644,1,0,0,0,0,0.14035087719298245,0.8941176470588236,0,0,0.3076923076923077,0.25,0.25,0.7900187286548419,0.9128825958027915,0.28846153846153844,0.28846153846153844,0.6385542168674698,1,0,1,0,0.7900187286548419,0.7142857142857143,0.7900187286548419,0.2,0.2,0.7903007008817544,0.38112279391007486,0.09243697478991597,0.09243697478991597,0.6082474226804123,0.9999679289833249,0.007373631495418912,1,0,0.7903007008817544,0.7142857142857143,0.7903007008817544,0,0,0.7888505180069068,0.37762924856444285,0.15384615384615385,0.15384615384615385,0.7471264367816092,0.9999325920100464,0.0089573838176674,0.4,0,0.7888505180069068,0.7142857142857143,0.7888505180069068,0,0,0,0,0.9128825958027915,0.7900187286548419,0.7900187286548419,0,0,0,0,0,0,0,0,0,0,0,0,0,0,0,0,1,1,0.4880952380952381,0,1,0,0,0,0,0,0,0,0,0,1,1,0.4625,0,1,0,0,0,0,0,0,0,0,0,0,0,0,0,0,0,0,0,0,0,0,0,0,0,0,0,0,0,0,0,0,0,0,0,0,0,0,0,0,0,0,0,0,0,0
0.6666666666666666,0,0.6666666666666666,0,0.6666666666666666,0.7904594028864163,0.7904594028864163,0.6666666666666666,0.011904761904761904,0.9859834916679645,0.796100278551532,0.05063291139240506,0.0784313725490196,0,0,0.056910569105691054,0.054901960784313725,0.12280701754385964,0.8235294117647058,0,0.8,0.3076923076923077,0,0,0.7904594028864163,0.42459030643019463,0.40384615384615385,0.40384615384615385,0.891566265060241,0.5242252929192458,0.5578291133000177,1,0,0.7904594028864163,0.14285714285714285,0.7904594028864163,0,0,0.7907528826588288,0.9561799666165552,0.07563025210084033,0.07563025210084033,0.4845360824742268,1,0,1,0,0.7907528826588288,0.14285714285714285,0.7907528826588288,0,0,0.7892205229403059,0.42104748683677934,0.06837606837606838,0.06837606837606838,0.5517241379310345,0.9999325920100464,0.0089573838176674,0.4,0,0.7892205229403059,0.14285714285714285,0.7892205229403059,0,0,0,1,0.42459030643019463,0.7904594028864163,0.7904594028864163,0,0,0,0,0,0,0,0,0,0,0,0,0,0,0,0,1,1,0.4880952380952381,0,1,0,0,0,0,0,0,0,0,0,1,1,0.4625,0,1,0,0,0,0,0,0,0,0,0,0,0,0,0,0,0,0,0,0,0,0,0,0,0,0,0,0,0,0,0,0,0,0,0,0,0,0,0,0,0,0,0,0,0,0
0.4,0,0.4,0,0.4,0.7918915941390328,0.7918915941390328,0.4,0.011904761904761904,0.985749883195764,0.797585886722377,0.046413502109704644,0.8509803921568627,0,0,0.07317073170731707,0.9019607843137255,0.14035087719298245,0.8352941176470589,0.012244897959183673,0.5803921568627451,0.3076923076923077,0.25,0.25,0.7918915941390328,0.16985521823047514,0.3076923076923077,0.3076923076923077,0.7951807228915663,1,0,1,0,0.7918915941390328,0.42857142857142855,0.7918915941390328,0.2,0.2,0.7922224734343206,0.6382261813214095,0.2605042016806723,0.2605042016806723,0.8969072164948454,0.9999679289833249,0.007373631495418912,1,0,0.7922224734343206,0.42857142857142855,0.7922224734343206,0,0,0.7905772076961026,0.6347337069103685,0.20512820512820512,0.20512820512820512,0.8850574712643678,0.9999325920100464,0.0089573838176674,0.4,0,0.7905772076961026,0.42857142857142855,0.7905772076961026,0,0,0,0.42857142857142855,0.16985521823047514,0.7918915941390328,0.7918915941390328,0,0,0,0,0,0,0,0,0,0,0,0,0,0,0,0,1,1,0.4880952380952381,0,1,0,0,0,0,0,0,0,0,0,1,1,0.4625,0,1,0,0,0,0,0,0,0,0,0,0,0,0,0,0,0,0,0,0,0,0,0,0,0,0,0,0,0,0,0,0,0,0,0,0,0,0,0,0,0,0,0,0,0,0
0.4,0,0.4,0,0.4,0.7938746281811171,0.7938746281811171,0.4,0.011904761904761904,0.9858277526864975,0.7994428969359332,0.05063291139240506,0.011764705882352941,0,0,0.07317073170731707,0.9019607843137255,0.14035087719298245,0.8392156862745098,0.012244897959183673,0.5803921568627451,0.3076923076923077,0,0,0.7938746281811171,0.9177483638411292,0.5192307692307693,0.5192307692307693,0.8674698795180723,0.5242252929192458,0.5578291133000177,1,0,0.7938746281811171,0.5714285714285714,0.7938746281811171,0,0,0.7941442459868867,0.4492440456189234,0.16806722689075632,0.16806722689075632,0.8041237113402062,1,0,1,0,0.7941442459868867,0.5714285714285714,0.7941442459868867,0,0,0.7926739023186976,0.9141356040344639,0.18803418803418803,0.18803418803418803,0.896551724137931,0.9999325920100464,0.0089573838176674,0.4,0,0.7926739023186976,0.5714285714285714,0.7926739023186976,0,0,0,0.5714285714285714,0.9177483638411292,0.7938746281811171,0.7938746281811171,0,0,0,0,0,0,0,0,0,0,0,0,0,0,0,0,1,1,0.4880952380952381,0,1,0,0,0,0,0,0,0,0,0,1,1,0.4625,0,1,0,0,0,0,0,0,0,0,0,0,0,0,0,0,0,0,0,0,0,0,0,0,0,0,0,0,0,0,0,0,0,0,0,0,0,0,0,0,0,0,0,0,0,0
0.06666666666666667,0,0.06666666666666667,0,0.06666666666666667,0.7955271565495208,0.7955271565495208,0.06666666666666667,0.011904761904761904,0.9917458339822458,0.800928505106778,0.05063291139240506,0.0196078431372549,0,0,0.016260162601626018,0.9372549019607843,0.14035087719298245,0.34901960784313724,0,0.027450980392156862,0.3076923076923077,0,0,0.7955271565495208,0.15181029493528891,0.7692307692307693,0.7692307692307693,0.9156626506024096,0.5242252929192458,0.5578291133000177,1,0,0.7955271565495208,0.14285714285714285,0.7955271565495208,0,0,0.7958399276509157,0.6834407169370478,0.15966386554621848,0.15966386554621848,0.8247422680412371,1,0,1,0,0.7958399276509157,0.14285714285714285,0.7958399276509157,0,0,0.7942772570300938,0.148307966827037,0.13675213675213677,0.13675213675213677,0.8505747126436781,0.9999325920100464,0.0089573838176674,0.4,0,0.7942772570300938,0.14285714285714285,0.7942772570300938,0,0,0,1,0.15181029493528891,0.7955271565495208,0.7955271565495208,0,0,0,0,0,0,0,0,0,0,0,0,0,0,0,0,1,1,0.4880952380952381,0,1,0,0,0,0,0,0,0,0,0,1,1,0.4625,0,1,0,0,0,0,0,0,0,0,0,0,0,0,0,0,0,0,0,0,0,0,0,0,0,0,0,0,0,0,0,0,0,0,0,0,0,0,0,0,0,0,0,0,0,0
0.4,0,0.4,0,0.4,0.7958576622232015,0.7958576622232015,0.4,0.011904761904761904,0.985905622177231,0.8014856081708449,0.05063291139240506,0.03529411764705882,0,0,0.07317073170731707,0.9019607843137255,0.14035087719298245,0.8392156862745098,0.012244897959183673,0.5764705882352941,0.3076923076923077,0,0,0.7958576622232015,0.19702124057840026,0.6153846153846154,0.6153846153846154,0.8795180722891566,0.5242252929192458,0.5578291133000177,1,0,0.7958576622232015,0,0.7958576622232015,0,0,0.7961790639837214,0.7286451216293841,0.16806722689075632,0.16806722689075632,0.8969072164948454,1,0,1,0,0.7961790639837214,0,0.7961790639837214,0,0,0.7946472619634929,0.1935125024391831,0.20512820512820512,0.20512820512820512,0.8850574712643678,0.9999325920100464,0.0089573838176674,0.4,0,0.7946472619634929,0,0.7946472619634929,0,0,0,0.2857142857142857,0.19702124057840026,0.7958576622232015,0.7958576622232015,0,0,0,0,0,0,0,0,0,0,0,0,0,0,0,0,1,1,0.4880952380952381,0,1,0,0,0,0,0,0,0,0,0,1,1,0.4625,0,1,0,0,0,0,0,0,0,0,0,0,0,0,0,0,0,0,0,0,0,0,0,0,0,0,0,0,0,0,0,0,0,0,0,0,0,0,0,0,0,0,0,0,0,0
0.6,0,0.6,0,0.6,0.7960779993389887,0.7960779993389887,0.6,0.011904761904761904,0.986061361158698,0.8018570102135562,0.046413502109704644,0.7725490196078432,0,0,0.032520325203252036,0.2549019607843137,0.14035087719298245,0.5490196078431373,0,0.12941176470588237,0.3076923076923077,0.25,0.25,0.7960779993389887,0.7531478906926988,0.17307692307692307,0.17307692307692307,0.6987951807228916,1,0,1,0,0.7960779993389887,0.14285714285714285,0.7960779993389887,0.2,0.2,0.7964051548722586,0.22141032617046236,0.10084033613445378,0.10084033613445378,0.7319587628865979,0.9999679289833249,0.007373631495418912,1,0,0.7964051548722586,0.14285714285714285,0.7964051548722586,0,0,0.7948939319190923,0.21791792098655796,0.3076923076923077,0.3076923076923077,0.896551724137931,0.9999325920100464,0.0089573838176674,0.4,0,0.7948939319190923,0.14285714285714285,0.7948939319190923,0,0,0,1,0.7531478906926988,0.7960779993389887,0.7960779993389887,0,0,0,0,0,0,0,0,0,0,0,0,0,0,0,0,1,1,0.4880952380952381,0,1,0,0,0,0,0,0,0,0,0,1,1,0.4625,0,1,0,0,0,0,0,0,0,0,0,0,0,0,0,0,0,0,0,0,0,0,0,0,0,0,0,0,0,0,0,0,0,0,0,0,0,0,0,0,0,0,0,0,0,0
0.6,0,0.6,0,0.6,0.8000440674231575,0.8000440674231575,0.6,0.011904761904761904,0.9862171001401651,0.8057567316620241,0.046413502109704644,0.9333333333333333,0,0,0.032520325203252036,0.2549019607843137,0.14035087719298245,0.5450980392156862,0,0.12941176470588237,0.3076923076923077,0,0,0.8000440674231575,0.7802794850878234,0.2692307692307692,0.2692307692307692,0.8192771084337349,0.5242252929192458,0.5578291133000177,1,0,0.8000440674231575,1,0.8000440674231575,0,0,0.8004747908659281,0.3117963462747228,0.08403361344537816,0.08403361344537816,0.711340206185567,1,0,1,0,0.8004747908659281,1,0.8004747908659281,0,0,0.7985939812530833,0.7766880263601719,0.2905982905982906,0.2905982905982906,0.9195402298850575,0.9999325920100464,0.0089573838176674,0.4,0,0.7985939812530833,1,0.7985939812530833,0,0,0,0.8571428571428571,0.7802794850878234,0.8000440674231575,0.8000440674231575,0,0,0,0,0,0,0,0,0,0,0,0,0,0,0,0,1,1,0.4880952380952381,0,1,0,0,0,0,0,0,0,0,0,1,1,0.4625,0,1,0,0,0,0,0,0,0,0,0,0,0,0,0,0,0,0,0,0,0,0,0,0,0,0,0,0,0,0,0,0,0,0,0,0,0,0,0,0,0,0,0,0,0,0
0.6666666666666666,0,0.6666666666666666,0,0.6666666666666666,0.8003745730968381,0.8003745730968381,0.6666666666666666,0.011904761904761904,0.9863728391216321,0.8059424326833797,0.05063291139240506,0.11372549019607843,0,0,0.056910569105691054,0.054901960784313725,0.12280701754385964,0.8117647058823529,0,0.8,0.3076923076923077,0.25,0.25,0.8003745730968381,0.353091558158108,0.07692307692307693,0.07692307692307693,0.21686746987951808,1,0,1,0,0.8003745730968381,0.2857142857142857,0.8003745730968381,0.2,0.2,0.8008139271987339,0.8214342439599656,0.19327731092436976,0.19327731092436976,0.845360824742268,0.9999679289833249,0.007373631495418912,1,0,0.8008139271987339,0.2857142857142857,0.8008139271987339,0,0,0.798717316230883,0.8179443389838604,0.10256410256410256,0.10256410256410256,0.6436781609195402,0.9999325920100464,0.0089573838176674,0.4,0,0.798717316230883,0.2857142857142857,0.798717316230883,0,0,0,0.14285714285714285,0.353091558158108,0.8003745730968381,0.8003745730968381,0,0,0,0,0,0,0,0,0,0,0,0,0,0,0,0,1,1,0.4880952380952381,0,1,0,0,0,0,0,0,0,0,0,1,1,0.4625,0,1,0,0,0,0,0,0,0,0,0,0,0,0,0,0,0,0,0,0,0,0,0,0,0,0,0,0,0,0,0,0,0,0,0,0,0,0,0,0,0,0,0,0,0,0
0.06666666666666667,0,0.06666666666666667,0,0.06666666666666667,0.801476258675774,0.801476258675774,0.06666666666666667,0.011904761904761904,0.9919794424544464,0.8068709377901578,0.05063291139240506,0,0,0,0.016260162601626018,0.9372549019607843,0.14035087719298245,0.3215686274509804,0,0.027450980392156862,0.3076923076923077,0,0,0.801476258675774,0.9901015267059159,0.75,0.75,0.8313253012048193,0.5242252929192458,0.5578291133000177,1,0,0.801476258675774,0.7142857142857143,0.801476258675774,0,0,0.8018313361971513,0.5215880259319841,0.23529411764705882,0.23529411764705882,0.8247422680412371,1,0,1,0,0.8018313361971513,0.7142857142857143,0.8018313361971513,0,0,0.7998273310310804,0.9864803118271792,0.1623931623931624,0.1623931623931624,0.8045977011494253,0.9999325920100464,0.0089573838176674,0.4,0,0.7998273310310804,0.7142857142857143,0.7998273310310804,0,0,0,0,0.9901015267059159,0.801476258675774,0.801476258675774,0,0,0,0,0,0,0,0,0,0,0,0,0,0,0,0,1,1,0.4880952380952381,0,1,0,0,0,0,0,0,0,0,0,1,1,0.4625,0,1,0,0,0,0,0,0,0,0,0,0,0,0,0,0,0,0,0,0,0,0,0,0,0,0,0,0,0,0,0,0,0,0,0,0,0,0,0,0,0,0,0,0,0,0
0.3333333333333333,0,0.3333333333333333,0,0.3333333333333333,0.801696595791561,0.801696595791561,0.3333333333333333,0.011904761904761904,0.9920573119451799,0.8072423398328691,0.05063291139240506,0.054901960784313725,0,0,0.04878048780487805,0.5647058823529412,0.14035087719298245,0.44313725490196076,0,0.5137254901960784,0.3076923076923077,0.25,0.25,0.801696595791561,0.5517638985404668,0.38461538461538464,0.38461538461538464,0.8433734939759037,1,0,1,0,0.801696595791561,0.5714285714285714,0.801696595791561,0.2,0.2,0.8020574270856885,0.02005470227323115,0.4369747899159664,0.4369747899159664,0.9072164948453608,0.9999679289833249,0.007373631495418912,1,0,0.8020574270856885,0.5714285714285714,0.8020574270856885,0,0,0.8000740009866798,0.016563267704592682,0.21367521367521367,0.21367521367521367,0.9425287356321839,0.9999325920100464,0.0089573838176674,0.4,0,0.8000740009866798,0.5714285714285714,0.8000740009866798,0,0,0,0.5714285714285714,0.5517638985404668,0.801696595791561,0.801696595791561,0,0,0,0,0,0,0,0,0,0,0,0,0,0,0,0,1,1,0.4880952380952381,0,1,0,0,0,0,0,0,0,0,0,1,1,0.4625,0,1,0,0,0,0,0,0,0,0,0,0,0,0,0,0,0,0,0,0,0,0,0,0,0,0,0,0,0,0,0,0,0,0,0,0,0,0,0,0,0,0,0,0,0,0
0,0,0,0,0,0.8031287870441776,0.8031287870441776,0,0.011904761904761904,0.9865285781030992,0.8085422469823584,0.05063291139240506,0.06274509803921569,0,0,0.08130081300813008,0.43137254901960786,0.14035087719298245,0.10196078431372549,0.012244897959183673,0.054901960784313725,0.3076923076923077,0.25,0.25,0.8031287870441776,0.7827661060503119,0.5384615384615384,0.5384615384615384,0.9397590361445783,1,0,1,0,0.8031287870441776,0.5714285714285714,0.8031287870441776,0.2,0.2,0.8034139724169116,0.25102288901753717,0.3865546218487395,0.3865546218487395,0.9587628865979382,0.9999679289833249,0.007373631495418912,1,0,0.8034139724169116,0.5714285714285714,0.8034139724169116,0,0,0.8015540207202763,0.24753241852117888,0.3076923076923077,0.3076923076923077,0.9655172413793104,0.9999325920100464,0.0089573838176674,0.4,0,0.8015540207202763,0.5714285714285714,0.8015540207202763,0,0,0,0.5714285714285714,0.7827661060503119,0.8031287870441776,0.8031287870441776,0,0,0,0,0,0,0,0,0,0,0,0,0,0,0,0,1,1,0.4880952380952381,0,1,0,0,0,0,0,0,0,0,0,1,1,0.4625,0,1,0,0,0,0,0,0,0,0,0,0,0,0,0,0,0,0,0,0,0,0,0,0,0,0,0,0,0,0,0,0,0,0,0,0,0,0,0,0,0,0,0,0,0,0
0.06666666666666667,0,0.06666666666666667,0,0.06666666666666667,0.8033491241599647,0.8033491241599647,0.06666666666666667,0.011904761904761904,0.9920573119451799,0.8087279480037141,0.05063291139240506,0.03529411764705882,0,0,0.016260162601626018,0.9372549019607843,0.14035087719298245,0.3176470588235294,0,0.027450980392156862,0.3076923076923077,0,0,0.8033491241599647,0.2693633106851638,0.7307692307692307,0.7307692307692307,0.963855421686747,0.5242252929192458,0.5578291133000177,1,0,0.8033491241599647,0.8571428571428571,0.8033491241599647,0,0,0.8036400633054488,0.8009780117351916,0.2184873949579832,0.2184873949579832,0.8762886597938144,1,0,1,0,0.8036400633054488,0.8571428571428571,0.8036400633054488,0,0,0.8018006906758757,0.2658461218611586,0.1623931623931624,0.1623931623931624,0.8620689655172413,0.9999325920100464,0.0089573838176674,0.4,0,0.8018006906758757,0.8571428571428571,0.8018006906758757,0,0,0,0.7142857142857143,0.2693633106851638,0.8033491241599647,0.8033491241599647,0,0,0,0,0,0,0,0,0,0,0,0,0,0,0,0,1,1,0.4880952380952381,0,1,0,0,0,0,0,0,0,0,0,1,1,0.4625,0,1,0,0,0,0,0,0,0,0,0,0,0,0,0,0,0,0,0,0,0,0,0,0,0,0,0,0,0,0,0,0,0,0,0,0,0,0,0,0,0,0,0,0,0,0
0.4,0,0.4,0,0.4,0.8036796298336455,0.8036796298336455,0.4,0.011904761904761904,0.9862171001401651,0.8092850510677809,0.05063291139240506,0.047058823529411764,0,0,0.07317073170731707,0.8980392156862745,0.14035087719298245,0.8392156862745098,0.012244897959183673,0.5647058823529412,0.3076923076923077,0,0,0.8036796298336455,0.31461871165927385,0.5384615384615384,0.5384615384615384,0.891566265060241,0.5242252929192458,0.5578291133000177,1,0,0.8036796298336455,0.5714285714285714,0.8036796298336455,0,0,0.8039791996382546,0.8462268657341864,0.14285714285714285,0.14285714285714285,0.7938144329896907,1,0,1,0,0.8039791996382546,0.5714285714285714,0.8039791996382546,0,0,0.8021706956092748,0.31109510688488556,0.18803418803418803,0.18803418803418803,0.896551724137931,0.9999325920100464,0.0089573838176674,0.4,0,0.8021706956092748,0.5714285714285714,0.8021706956092748,0,0,0,0.5714285714285714,0.31461871165927385,0.8036796298336455,0.8036796298336455,0,0,0,0,0,0,0,0,0,0,0,0.28571429428571415,0,0,0,0,1,1,0.4880952380952381,0,1,0,0,0,0,0,0,0,0,0,1,1,0.4625,0,1,0,0,0,0,0,0,0,0,0,0,0,0,0,0,0,0,0,0,0,0,0,0,0,0,0,0,0,0,0,0,0,0,0,0,0,0,0,0,0,0,0,0,0,0
0.6666666666666666,0,0.6666666666666666,0,0.6666666666666666,0.8042304726231133,0.8042304726231133,0.6666666666666666,0.011904761904761904,0.9865285781030992,0.8096564531104921,0.05063291139240506,0.07058823529411765,0,0,0.056910569105691054,0.050980392156862744,0.12280701754385964,0.807843137254902,0,0.8,0.3076923076923077,0,0,0.8042304726231133,0.3802209733566423,0.4230769230769231,0.4230769230769231,0.9156626506024096,0.5242252929192458,0.5578291133000177,1,0,0.8042304726231133,0.14285714285714285,0.8042304726231133,0,0,0.8045444268595976,0.9118196340102522,0.08403361344537816,0.08403361344537816,0.6494845360824743,1,0,1,0,0.8045444268595976,0.14285714285714285,0.8045444268595976,0,0,0.8026640355204736,0.37668806561639906,0.06837606837606838,0.06837606837606838,0.6551724137931034,0.9999325920100464,0.0089573838176674,0.4,0,0.8026640355204736,0.14285714285714285,0.8026640355204736,0,0,0,1,0.3802209733566423,0.8042304726231133,0.8042304726231133,0,0,0,0,0,0,0,0,0,0,0,0,0,0,0,0,1,1,0.4880952380952381,0,1,0,0,0,0,0,0,0,0,0,1,1,0.4625,0,1,0,0,0,0,0,0,0,0,0,0,0,0,0,0,0,0,0,0,0,0,0,0,0,0,0,0,0,0,0,0,0,0,0,0,0,0,0,0,0,0,0,0,0,0
0.4,0,0.4,0,0.4,0.8056626638757298,0.8056626638757298,0.4,0.011904761904761904,0.9862949696308986,0.811142061281337,0.05063291139240506,0.027450980392156862,0,0,0.07317073170731707,0.8941176470588236,0.14035087719298245,0.8392156862745098,0.012244897959183673,0.5607843137254902,0.3076923076923077,0.25,0.25,0.8056626638757298,0.12561117102988367,0.3269230769230769,0.3269230769230769,0.7349397590361446,1,0,1,0,0.8056626638757298,0.8571428571428571,0.8056626638757298,0.2,0.2,0.8060140176350893,0.5939860719076427,0.2773109243697479,0.2773109243697479,0.8762886597938144,0.9999679289833249,0.007373631495418912,1,0,0.8060140176350893,0.8571428571428571,0.8060140176350893,0,0,0.8038973852984707,0.5904970373045948,0.23076923076923078,0.23076923076923078,0.8850574712643678,0.9999325920100464,0.0089573838176674,0.4,0,0.8038973852984707,0.8571428571428571,0.8038973852984707,0,0,0,0.7142857142857143,0.12561117102988367,0.8056626638757298,0.8056626638757298,0,0,0,0,0,0,0,0,0,0,0,0.28571429428571415,0,0,0,0,1,1,0.4880952380952381,0,1,0,0,0,0,0,0,0,0,0,1,1,0.4625,0,1,0,0,0,0,0,0,0,0,0,0,0,0,0,0,0,0,0,0,0,0,0,0,0,0,0,0,0,0,0,0,0,0,0,0,0,0,0,0,0,0,0,0,0,0
0.7333333333333333,0,0.7333333333333333,0,0.7333333333333333,0.8063236752230913,0.8063236752230913,0.7333333333333333,0.011904761904761904,0.992368789908114,0.8115134633240483,0.05063291139240506,0.058823529411764705,0,0,0,0,0.14035087719298245,0.8509803921568627,0,0,0.3076923076923077,0,0,0.8063236752230913,0.6629511107868485,0.15384615384615385,0.15384615384615385,0.6626506024096386,0.5242252929192458,0.5578291133000177,1,0,0.8063236752230913,0.5714285714285714,0.8063236752230913,0.6,0.6,0.8066922903007009,0.6593765563028751,0.04201680672268908,0.04201680672268908,0.4329896907216495,0.9999325920100464,0.0089573838176674,0.4,0,0.8066922903007009,0.5714285714285714,0.8066922903007009,0.6,0.6,0.001356684755796744,0,1,1,0.4827586206896552,0,1,0,1,0.001356684755796744,0,0.001356684755796744,0,0,0,0.5714285714285714,0.6629511107868485,0.8063236752230913,0.8063236752230913,0,0,0,0,0,0,0,0,0,0,0,0,0,0,0,0,1,1,0.4880952380952381,0,1,0,0,0,0,0,0,0,0,0,1,1,0.4625,0,1,0,0,0,0,0,0,0,0,0,0,0,0,0,0,0,0,0,0,0,0,0,0,0,0,0,0,0,0,0,0,0,0,0,0,0,0,0,0,0,0,0,0,0,0
0,0,0,0,0,0.8070948551283463,0.8070948551283463,0,0.011904761904761904,0.9866843170845663,0.8118848653667595,0.05063291139240506,0.047058823529411764,0,0,0.08130081300813008,0.45098039215686275,0.14035087719298245,0.09019607843137255,0.012244897959183673,0.07058823529411765,0.3076923076923077,0.25,0.25,0.8070948551283463,0.3414559107535359,0.4807692307692308,0.4807692307692308,0.7951807228915663,1,0,1,0,0.8070948551283463,0.2857142857142857,0.8070948551283463,0.2,0.2,0.8074836084105811,0.8097990206941162,0.33613445378151263,0.33613445378151263,0.8247422680412371,0.9999679289833249,0.007373631495418912,1,0,0.8074836084105811,0.2857142857142857,0.8074836084105811,0,0,0.8051307350764677,0.806310892502842,0.3076923076923077,0.3076923076923077,0.8045977011494253,0.9999325920100464,0.0089573838176674,0.4,0,0.8051307350764677,0.2857142857142857,0.8051307350764677,0,0,0,0.14285714285714285,0.3414559107535359,0.8070948551283463,0.8070948551283463,0,0,0,0,0,0,0,0,0,0,0,0,0,0,0,0,1,1,0.4880952380952381,0,1,0,0,0,0,0,0,0,0,0,1,1,0.4625,0,1,0,0,0,0,0,0,0,0,0,0,0,0,0,0,0,0,0,0,0,0,0,0,0,0,0,0,0,0,0,0,0,0,0,0,0,0,0,0,0,0,0,0,0,0
0.06666666666666667,0,0.06666666666666667,0,0.06666666666666667,0.809298226286218,0.809298226286218,0.06666666666666667,0.011904761904761904,0.9922909204173804,0.8141132776230269,0.05063291139240506,0.027450980392156862,0,0,0.016260162601626018,0.9450980392156862,0.14035087719298245,0.2823529411764706,0,0.027450980392156862,0.3076923076923077,0,0,0.809298226286218,0.10748591693155587,0.7692307692307693,0.7692307692307693,0.927710843373494,0.5242252929192458,0.5578291133000177,1,0,0.809298226286218,0.14285714285714285,0.809298226286218,0,0,0.8096314718516844,0.6391253323719235,0.17647058823529413,0.17647058823529413,0.8556701030927835,1,0,1,0,0.8096314718516844,0.14285714285714285,0.8096314718516844,0,0,0.8073507646768624,0.10399351470921658,0.10256410256410256,0.10256410256410256,0.6551724137931034,0.9999325920100464,0.0089573838176674,0.4,0,0.8073507646768624,0.14285714285714285,0.8073507646768624,0,0,0,1,0.10748591693155587,0.809298226286218,0.809298226286218,0,0,0,0,0,0,0,0,0,0,0,0,0,0,0,0,1,1,0.4880952380952381,0,1,0,0,0,0,0,0,0,0,0,1,1,0.4625,0,1,0,0,0,0,0,0,0,0,0,0,0,0,0,0,0,0,0,0,0,0,0,0,0,0,0,0,0,0,0,0,0,0,0,0,0,0,0,0,0,0,0,0,0,0
0.4,0,0.4,0,0.4,0.8096287319598986,0.8096287319598986,0.4,0.011904761904761904,0.9864507086123657,0.8146703806870937,0.05063291139240506,0.03529411764705882,0,0,0.07317073170731707,0.8980392156862745,0.14035087719298245,0.8392156862745098,0.012244897959183673,0.5568627450980392,0.3076923076923077,0,0,0.8096287319598986,0.15277468373882033,0.6153846153846154,0.6153846153846154,0.8674698795180723,0.5242252929192458,0.5578291133000177,1,0,0.8096287319598986,0.42857142857142855,0.8096287319598986,0,0,0.8099706081844902,0.6844075471001749,0.15126050420168066,0.15126050420168066,0.8247422680412371,1,0,1,0,0.8099706081844902,0.42857142857142855,0.8099706081844902,0,0,0.8077207696102615,0.14927585867825646,0.19658119658119658,0.19658119658119658,0.8735632183908046,0.9999325920100464,0.0089573838176674,0.4,0,0.8077207696102615,0.42857142857142855,0.8077207696102615,0,0,0,0.42857142857142855,0.15277468373882033,0.8096287319598986,0.8096287319598986,0,0,0,0,0,0,0,0,0,0,0,0.28571429428571415,0,0,0,0,1,1,0.4880952380952381,0,1,0,0,0,0,0,0,0,0,0,1,1,0.4625,0,1,0,0,0,0,0,0,0,0,0,0,0,0,0,0,0,0,0,0,0,0,0,0,0,0,0,0,0,0,0,0,0,0,0,0,0,0,0,0,0,0,0,0,0,0
0.5333333333333333,0,0.5333333333333333,0,0.5333333333333333,0.8097389005177922,0.8097389005177922,0.5333333333333333,0.011904761904761904,0.9924466593988476,0.8148560817084494,0.046413502109704644,0.9647058823529412,0,0,0,0,0.14035087719298245,0.788235294117647,0,0,0.3076923076923077,0,0,0.8097389005177922,0.17488809953587128,0.17307692307692307,0.17307692307692307,0.5783132530120482,0.5242252929192458,0.5578291133000177,1,0,0.8097389005177922,0.42857142857142855,0.8097389005177922,0,0,0.8100836536287588,0.7065177639077498,0.12605042016806722,0.12605042016806722,0.7525773195876289,1,0,1,0,0.8100836536287588,0.42857142857142855,0.8100836536287588,0,0,0.8078441045880612,0.17138613931873342,0.1282051282051282,0.1282051282051282,0.8735632183908046,0.9999325920100464,0.0089573838176674,0.4,0,0.8078441045880612,0.42857142857142855,0.8078441045880612,0,0,0,0.42857142857142855,0.17488809953587128,0.8097389005177922,0.8097389005177922,0,0,0,0,0,0,0,0,0,0,0,0,0,0,0,0,1,1,0.4880952380952381,0,1,0,0,0,0,0,0,0,0,0,1,1,0.4625,0,1,0,0,0,0,0,0,0,0,0,0,0,0,0,0,0,0,0,0,0,0,0,0,0,0,0,0,0,0,0,0,0,0,0,0,0,0,0,0,0,0,0,0,0,0
0.4,0,0.4,0,0.4,0.8134846314861739,0.8134846314861739,0.4,0.011904761904761904,0.9866064475938328,0.8183844011142062,0.046413502109704644,0.9372549019607843,0,0,0.07317073170731707,0.8901960784313725,0.14035087719298245,0.8352941176470589,0.012244897959183673,0.5490196078431373,0.3076923076923077,0.25,0.25,0.8134846314861739,0.24321003234410246,0.46153846153846156,0.46153846153846156,0.7951807228915663,1,0,1,0,0.8134846314861739,0.2857142857142857,0.8134846314861739,0.2,0.2,0.8139271987338911,0.7115663223700792,0.29411764705882354,0.29411764705882354,0.8350515463917526,0.9999679289833249,0.007373631495418912,1,0,0.8139271987338911,0.2857142857142857,0.8139271987338911,0,0,0.8111741489886531,0.7080795891292572,0.23076923076923078,0.23076923076923078,0.8045977011494253,0.9999325920100464,0.0089573838176674,0.4,0,0.8111741489886531,0.2857142857142857,0.8111741489886531,0,0,0,0.14285714285714285,0.24321003234410246,0.8134846314861739,0.8134846314861739,0,0,0,0,0,0,0,0,0,0,0,0.28571429428571415,0,0,0,0,1,1,0.4880952380952381,0,1,0,0,0,0,0,0,0,0,0,1,1,0.4625,0,1,0,0,0,0,0,0,0,0,0,0,0,0,0,0,0,0,0,0,0,0,0,0,0,0,0,0,0,0,0,0,0,0,0,0,0,0,0,0,0,0,0,0,0,0
0.5333333333333333,0,0.5333333333333333,0,0.5333333333333333,0.8135948000440674,0.8135948000440674,0.5333333333333333,0.011904761904761904,0.9926023983803146,0.8185701021355617,0.046413502109704644,0.8980392156862745,0,0,0,0,0.14035087719298245,0.7568627450980392,0,0,0.3076923076923077,0.25,0.25,0.8135948000440674,0.26528611420478265,0.17307692307692307,0.17307692307692307,0.7590361445783133,1,0,1,0,0.8135948000440674,0,0.8135948000440674,0.2,0.2,0.8140402441781596,0.7336391536468485,0.10084033613445378,0.10084033613445378,0.7525773195876289,0.9999679289833249,0.007373631495418912,1,0,0.8140402441781596,0,0.8140402441781596,0,0,0.8112974839664528,0.7301525116253824,0.15384615384615385,0.15384615384615385,0.8160919540229885,0.9999325920100464,0.0089573838176674,0.4,0,0.8112974839664528,0,0.8112974839664528,0,0,0,0.2857142857142857,0.26528611420478265,0.8135948000440674,0.8135948000440674,0,0,0,0,0,0,0,0,0,0,0,0,0,0,0,0,1,1,0.4880952380952381,0,1,0,0,0,0,0,0,0,0,0,1,1,0.4625,0,1,0,0,0,0,0,0,0,0,0,0,0,0,0,0,0,0,0,0,0,0,0,0,0,0,0,0,0,0,0,0,0,0,0,0,0,0,0,0,0,0,0,0,0,0
0.6,0,0.6,0,0.6,0.813704968601961,0.813704968601961,0.6,0.011904761904761904,0.9867621865752998,0.8187558031569173,0.046413502109704644,0.984313725490196,0,0,0.032520325203252036,0.25098039215686274,0.14035087719298245,0.5215686274509804,0,0.12941176470588237,0.3076923076923077,0.25,0.25,0.813704968601961,0.26746759664611597,0.25,0.25,0.5060240963855421,1,0,1,0,0.813704968601961,0.14285714285714285,0.813704968601961,0.2,0.2,0.8141532896224282,0.7358203157519355,0.10084033613445378,0.10084033613445378,0.6907216494845361,0.9999679289833249,0.007373631495418912,1,0,0.8141532896224282,0.14285714285714285,0.8141532896224282,0,0,0.8114208189442526,0.7323336826044773,0.3162393162393162,0.3162393162393162,0.8620689655172413,0.9999325920100464,0.0089573838176674,0.4,0,0.8114208189442526,0.14285714285714285,0.8114208189442526,0,0,0,1,0.26746759664611597,0.813704968601961,0.813704968601961,0,0,0,0,0,0,0,0,0,0,0,0,0,0,0,0,1,1,0.4880952380952381,0,1,0,0,0,0,0,0,0,0,0,1,1,0.4625,0,1,0,0,0,0,0,0,0,0,0,0,0,0,0,0,0,0,0,0,0,0,0,0,0,0,0,0,0,0,0,0,0,0,0,0,0,0,0,0,0,0,0,0,0,0
0.6,0,0.6,0,0.6,0.8156880026440454,0.8156880026440454,0.6,0.011904761904761904,0.9868400560660333,0.8206128133704735,0.05063291139240506,0.043137254901960784,0,0,0.032520325203252036,0.25098039215686274,0.14035087719298245,0.5176470588235295,0,0.12941176470588237,0.3076923076923077,0.25,0.25,0.8156880026440454,0.5468927782201851,0.19230769230769232,0.19230769230769232,0.6987951807228916,1,0,1,0,0.8156880026440454,1,0.8156880026440454,0.2,0.2,0.816188107619263,0.015181722576980304,0.15966386554621848,0.15966386554621848,0.8144329896907216,0.9999679289833249,0.007373631495418912,1,0,0.816188107619263,1,0.816188107619263,0,0,0.8133941785890478,0.01169388244395032,0.3076923076923077,0.3076923076923077,0.9195402298850575,0.9999325920100464,0.0089573838176674,0.4,0,0.8133941785890478,1,0.8133941785890478,0,0,0,0.8571428571428571,0.5468927782201851,0.8156880026440454,0.8156880026440454,0,0,0,0,0,0,0,0,0,0,0,0,0,0,0,0,1,1,0.4880952380952381,0,1,0,0,0,0,0,0,0,0,0,1,1,0.4625,0,1,0,0,0,0,0,0,0,0,0,0,0,0,0,0,0,0,0,0,0,0,0,0,0,0,0,0,0,0,0,0,0,0,0,0,0,0,0,0,0,0,0,0,0,0
0.26666666666666666,0,0.26666666666666666,0,0.26666666666666666,0.8192133964966398,0.8192133964966398,0.26666666666666666,0.011904761904761904,0.9869957950475003,0.823769730733519,0.05063291139240506,0.050980392156862744,0,0,0.04065040650406504,0.8588235294117647,0.15789473684210525,0.1450980392156863,0.004081632653061225,0.10588235294117647,0.3076923076923077,0,0,0.8192133964966398,0.5272800349886849,0.11538461538461539,0.11538461538461539,0.5180722891566265,0.5242252929192458,0.5578291133000177,1,0,0.8192133964966398,0.2857142857142857,0.8192133964966398,0,0,0.8195794709473209,0.05883736798671293,0.12605042016806722,0.12605042016806722,0.6907216494845361,1,0,1,0,0.8195794709473209,0.2857142857142857,0.8195794709473209,0,0,0.8168475579674396,0.523729859624081,0.15384615384615385,0.15384615384615385,0.7471264367816092,0.9999325920100464,0.0089573838176674,0.4,0,0.8168475579674396,0.2857142857142857,0.8168475579674396,0,0,0,0.14285714285714285,0.5272800349886849,0.8192133964966398,0.8192133964966398,0,0,0,0,0,0,0,0,0,0,0,0,0,0,0,0,1,1,0.4880952380952381,0,1,0,0,0,0,0,0,0,0,0,1,1,0.4625,0,1,0,0,0,0,0,0,0,0,0,0,0,0,0,0,0,0,0,0,0,0,0,0,0,0,0,0,0,0,0,0,0,0,0,0,0,0,0,0,0,0,0,0,0,0
0.4,0,0.4,0,0.4,0.819433733612427,0.819433733612427,0.4,0.011904761904761904,0.9868400560660333,0.8241411327762302,0.05063291139240506,0,0,0,0.07317073170731707,0.8862745098039215,0.14035087719298245,0.8352941176470589,0.012244897959183673,0.5490196078431373,0.3076923076923077,0.25,0.25,0.819433733612427,0.08136688211032865,0.28846153846153844,0.28846153846153844,0.7831325301204819,1,0,1,0,0.819433733612427,0.5714285714285714,0.819433733612427,0.2,0.2,0.8198055618358581,0.5497457243027396,0.25210084033613445,0.25210084033613445,0.9278350515463918,0.9999679289833249,0.007373631495418912,1,0,0.8198055618358581,0.5714285714285714,0.8198055618358581,0,0,0.817094227923039,0.5462600899249241,0.18803418803418803,0.18803418803418803,0.9310344827586207,0.9999325920100464,0.0089573838176674,0.4,0,0.817094227923039,0.5714285714285714,0.817094227923039,0,0,0,0.5714285714285714,0.08136688211032865,0.819433733612427,0.819433733612427,0,0,0,0,0,0,0,0,0,0,0,0.28571429428571415,0,0,0,0,1,1,0.4880952380952381,0,1,0,0,0,0,0,0,0,0,0,1,1,0.4625,0,1,0,0,0,0,0,0,0,0,0,0,0,0,0,0,0,0,0,0,0,0,0,0,0,0,0,0,0,0,0,0,0,0,0,0,0,0,0,0,0,0,0,0,0,0
0.6666666666666666,0,0.6666666666666666,0,0.6666666666666666,0.8199845764018949,0.8199845764018949,0.6666666666666666,0.011904761904761904,0.9871515340289675,0.8246982358402971,0.05063291139240506,0.03529411764705882,0,0,0.056910569105691054,0.050980392156862744,0.12280701754385964,0.7490196078431373,0,0.8,0.3076923076923077,0,0,0.8199845764018949,0.6152697349272773,0.38461538461538464,0.38461538461538464,0.8674698795180723,0.5242252929192458,0.5578291133000177,1,0,0.8199845764018949,0,0.8199845764018949,0,0,0.820370789057201,0.14681433481161582,0.07563025210084033,0.07563025210084033,0.711340206185567,1,0,1,0,0.820370789057201,0,0.820370789057201,0,0,0.8177109028120375,0.6117070769601737,0.02564102564102564,0.02564102564102564,0.4942528735632184,0.9999325920100464,0.0089573838176674,0.4,0,0.8177109028120375,0,0.8177109028120375,0,0,0,0.2857142857142857,0.6152697349272773,0.8199845764018949,0.8199845764018949,0,0,0,0,0,0,0,0,0,0,0,0,0,0,0,0,1,1,0.4880952380952381,0,1,0,0,0,0,0,0,0,0,0,1,1,0.4625,0,1,0,0,0,0,0,0,0,0,0,0,0,0,0,0,0,0,0,0,0,0,0,0,0,0,0,0,0,0,0,0,0,0,0,0,0,0,0,0,0,0,0,0,0,0
0.4,0,0.4,0,0.4,0.8214167676545114,0.8214167676545114,0.4,0.011904761904761904,0.9869179255567668,0.8258124419684308,0.05063291139240506,0.0196078431372549,0,0,0.07317073170731707,0.8823529411764706,0.14035087719298245,0.8313725490196079,0.012244897959183673,0.5490196078431373,0.3076923076923077,0,0,0.8214167676545114,0.8292549099390352,0.6153846153846154,0.6153846153846154,0.8433734939759037,0.5242252929192458,0.5578291133000177,1,0,0.8214167676545114,0.8571428571428571,0.8214167676545114,0,0,0.8217273343884242,0.36076854637529576,0.16806722689075632,0.16806722689075632,0.8144329896907216,1,0,1,0,0.8217273343884242,0.8571428571428571,0.8217273343884242,0,0,0.8189442525900346,0.8256618974069824,0.2222222222222222,0.2222222222222222,0.9310344827586207,0.9999325920100464,0.0089573838176674,0.4,0,0.8189442525900346,0.8571428571428571,0.8189442525900346,0,0,0,0.7142857142857143,0.8292549099390352,0.8214167676545114,0.8214167676545114,0,0,0,0,0,0,0,0,0,0,0,0.28571429428571415,0,0,0,0,1,1,0.4880952380952381,0,1,0,0,0,0,0,0,0,0,0,1,1,0.4625,0,1,0,0,0,0,0,0,0,0,0,0,0,0,0,0,0,0,0,0,0,0,0,0,0,0,0,0,0,0,0,0,0,0,0,0,0,0,0,0,0,0,0,0,0,0
0.6,0,0.6,0,0.6,0.8236201388123829,0.8236201388123829,0.6,0.011904761904761904,0.9871515340289675,0.8282265552460538,0.046413502109704644,0.984313725490196,0,0,0.032520325203252036,0.24313725490196078,0.14035087719298245,0.5058823529411764,0,0.12941176470588237,0.3076923076923077,0,0,0.8236201388123829,0.13270262697114316,0.3076923076923077,0.3076923076923077,0.8192771084337349,0.5242252929192458,0.5578291133000177,1,0,0.8236201388123829,0.42857142857142855,0.8236201388123829,0,0,0.823988243273796,0.6643409608820717,0.11764705882352941,0.11764705882352941,0.7216494845360825,1,0,1,0,0.823988243273796,0.42857142857142855,0.823988243273796,0,0,0.8211642821904293,0.12921018763898223,0.2905982905982906,0.2905982905982906,0.9195402298850575,0.9999325920100464,0.0089573838176674,0.4,0,0.8211642821904293,0.42857142857142855,0.8211642821904293,0,0,0,0.42857142857142855,0.13270262697114316,0.8236201388123829,0.8236201388123829,0,0,0,0,0,0,0,0,0,0,0,0,0,0,0,0,1,1,0.4880952380952381,0,1,0,0,0,0,0,0,0,0,0,1,1,0.4625,0,1,0,0,0,0,0,0,0,0,0,0,0,0,0,0,0,0,0,0,0,0,0,0,0,0,0,0,0,0,0,0,0,0,0,0,0,0,0,0,0,0,0,0,0,0
0.3333333333333333,0,0.3333333333333333,0,0.3333333333333333,0.8252726671807866,0.8252726671807866,0.3333333333333333,0.011904761904761904,0.9929917458339822,0.8297121634168988,0.046413502109704644,0.8549019607843137,0,0,0.04878048780487805,0.611764705882353,0.14035087719298245,0.4392156862745098,0,0.5215686274509804,0.3076923076923077,0,0,0.8252726671807866,0.3726822588556849,0.8076923076923077,0.8076923076923077,0.891566265060241,0.5242252929192458,0.5578291133000177,1,0,0.8252726671807866,0,0.8252726671807866,0,0,0.8255708794935565,0.9042858630392555,0.18487394957983194,0.18487394957983194,0.8865979381443299,1,0,1,0,0.8255708794935565,0,0.8255708794935565,0,0,0.8227676369018253,0.36915576515261894,0.1623931623931624,0.1623931623931624,0.8850574712643678,0.9999325920100464,0.0089573838176674,0.4,0,0.8227676369018253,0,0.8227676369018253,0,0,0,0.2857142857142857,0.3726822588556849,0.8252726671807866,0.8252726671807866,0,0,0,0,0,0,0,0,0,0,0,0,0,0,0,0,1,1,0.4880952380952381,0,1,0,0,0,0,0,0,0,0,0,1,1,0.4625,0,1,0,0,0,0,0,0,0,0,0,0,0,0,0,0,0,0,0,0,0,0,0,0,0,0,0,0,0,0,0,0,0,0,0,0,0,0,0,0,0,0,0,0,0,0
0.4,0,0.4,0,0.4,0.8273658697807645,0.8273658697807645,0.4,0.011904761904761904,0.9871515340289675,0.8319405756731661,0.05063291139240506,0.0196078431372549,0,0,0.07317073170731707,0.8823529411764706,0.14035087719298245,0.8196078431372549,0.012244897959183673,0.5450980392156862,0.3076923076923077,0.25,0.25,0.8273658697807645,0.1989654490769849,0.28846153846153844,0.28846153846153844,0.7590361445783133,1,0,1,0,0.8273658697807645,0,0.8273658697807645,0.2,0.2,0.8276056974903911,0.6673256979232784,0.2773109243697479,0.2773109243697479,0.8247422680412371,0.9999679289833249,0.007373631495418912,1,0,0.8276056974903911,0,0.8276056974903911,0,0,0.8247409965466206,0.6638422841127839,0.20512820512820512,0.20512820512820512,0.8850574712643678,0.9999325920100464,0.0089573838176674,0.4,0,0.8247409965466206,0,0.8247409965466206,0,0,0,0.2857142857142857,0.1989654490769849,0.8273658697807645,0.8273658697807645,0,0,0,0,0,0,0,0,0,0,0,0.28571429428571415,0,0,0,0,1,1,0.4880952380952381,0,1,0,0,0,0,0,0,0,0,0,1,1,0.4625,0,1,0,0,0,0,0,0,0,0,0,0,0,0,0,0,0,0,0,0,0,0,0,0,0,0,0,0,0,0,0,0,0,0,0,0,0,0,0,0,0,0,0,0,0,0